242	27
488	42
358	44
268	46
226	50
262	59
330	65
295	68
246	68
371	77
273	78
328	78
308	86
273	91
140	94
373	95
371	95
214	96
344	97
370	99
351	102
313	103
288	105
335	106
359	107
229	108
364	109
344	109
265	110
580	110
205	110
438	111
390	111
365	112
298	115
406	115
260	116
264	116
384	117
438	117
144	117
365	117
327	117
399	120
318	120
343	120
374	121
325	121
364	122
375	123
178	125
320	125
319	125
217	125
281	125
544	126
283	126
296	126
246	127
278	129
279	129
334	130
379	130
309	130
419	131
287	131
315	132
347	133
249	134
257	134
218	135
288	135
186	136
327	136
269	136
351	137
346	137
381	137
394	138
328	138
495	139
355	140
313	141
399	141
259	142
395	142
307	143
363	144
195	144
375	144
247	144
294	145
164	145
279	146
390	147
291	148
356	149
295	149
218	149
283	150
266	150
437	150
294	150
291	151
327	151
332	151
232	151
260	152
445	152
334	153
205	154
238	154
266	155
223	155
177	155
338	155
421	157
338	157
356	157
366	158
396	159
231	159
440	159
314	159
232	159
347	159
206	160
221	160
380	161
267	161
325	162
325	162
205	162
348	163
325	163
333	163
296	163
285	163
331	164
367	164
282	164
340	164
329	165
255	165
377	166
182	166
414	167
381	167
300	168
355	168
270	169
396	170
306	170
269	170
245	171
392	171
343	171
314	171
402	171
442	171
280	172
295	172
387	172
261	173
293	173
411	173
290	173
454	173
384	173
368	174
393	174
426	175
309	175
383	175
312	175
401	175
315	175
370	175
292	176
360	176
355	177
388	177
367	177
367	177
467	177
253	177
308	177
375	178
405	178
369	178
278	178
361	178
416	178
78	178
171	178
292	178
284	179
348	179
361	179
158	179
339	179
266	179
262	180
328	181
304	181
282	182
426	182
306	182
305	182
240	182
316	183
302	184
367	184
304	184
375	184
363	185
365	185
282	185
319	186
382	186
389	186
274	186
389	186
321	187
211	187
394	187
269	187
367	187
347	187
366	188
505	188
275	188
274	188
322	189
414	189
342	189
354	189
323	189
376	190
349	190
166	190
313	191
334	191
353	191
342	191
332	192
95	192
436	192
59	192
329	192
391	193
110	193
380	193
425	194
301	194
313	194
399	194
403	195
355	195
307	195
333	195
272	195
444	195
321	195
366	196
241	196
346	196
210	196
339	197
343	197
360	197
337	197
411	197
368	197
258	197
286	197
310	197
300	198
218	198
341	198
284	198
309	198
321	198
357	198
268	198
296	198
343	199
223	199
385	199
349	199
301	200
310	200
384	200
380	200
428	201
153	201
500	201
347	201
231	201
280	201
339	201
275	202
322	202
397	202
330	203
224	203
341	203
353	203
379	204
277	204
282	204
446	204
195	204
212	204
355	204
402	205
442	205
355	205
300	205
248	205
409	205
287	205
383	205
402	205
271	206
245	206
307	206
357	206
309	206
307	206
277	206
317	206
312	207
347	207
271	207
404	207
409	207
368	207
216	207
290	207
367	208
313	208
320	208
511	208
311	209
310	209
218	209
340	210
282	210
294	210
361	210
68	210
505	210
278	210
310	210
323	210
338	210
372	210
121	211
443	211
313	211
406	211
288	211
343	211
347	211
283	211
277	211
329	211
346	212
323	212
271	212
261	212
337	212
334	212
281	212
339	212
344	212
341	212
352	212
279	212
290	213
297	213
323	214
354	214
258	214
298	214
385	214
203	214
404	214
260	214
371	215
374	215
356	215
290	216
301	216
367	216
367	216
177	216
193	216
238	216
282	217
263	217
414	217
289	217
393	217
426	217
418	217
447	217
296	217
366	217
232	217
380	218
352	218
379	218
394	218
407	218
305	218
259	218
386	218
376	218
344	218
350	218
424	219
339	219
358	219
408	219
332	219
364	219
264	220
349	220
332	220
307	220
337	220
241	220
326	220
357	220
423	221
420	221
293	221
308	221
472	221
369	221
253	221
268	221
395	222
407	222
428	222
336	222
271	223
392	223
192	223
266	223
339	223
365	223
308	223
315	223
311	223
348	224
302	224
366	224
203	224
399	224
323	224
363	224
372	224
335	224
342	224
312	224
289	224
386	224
285	224
242	224
287	224
306	225
309	225
472	225
244	225
192	225
356	225
318	225
415	225
284	225
255	225
265	225
308	225
299	225
350	226
321	226
290	226
328	226
230	227
409	227
429	227
299	227
317	227
393	227
368	227
375	228
361	228
317	228
361	228
338	228
250	228
343	228
334	229
449	229
426	229
240	229
450	229
412	229
343	229
258	230
278	230
302	230
373	230
290	230
349	230
340	230
325	230
231	230
294	231
392	231
270	231
421	231
292	231
189	231
302	231
278	231
313	231
292	231
348	231
409	231
288	231
443	231
294	231
382	232
424	232
246	232
286	232
298	232
301	232
232	232
420	232
309	232
264	232
452	232
201	233
291	233
356	233
259	233
276	233
260	233
205	233
315	233
313	234
298	234
170	234
197	234
398	234
220	234
311	234
294	234
317	235
223	235
279	235
420	235
386	235
319	235
411	235
290	235
252	235
289	235
357	235
364	235
370	236
321	236
413	236
357	236
343	236
260	236
319	236
256	236
289	236
392	236
349	236
310	236
315	236
301	236
271	237
344	237
175	237
392	237
136	237
426	237
325	237
345	237
361	237
287	237
178	237
183	238
287	238
262	238
313	238
368	238
320	238
406	238
286	238
368	238
453	238
256	238
371	238
345	238
303	238
305	238
271	238
288	239
435	239
372	239
326	239
259	239
202	239
316	239
343	239
404	239
236	239
434	239
242	240
376	240
357	240
338	240
333	240
275	240
404	240
130	240
319	240
399	240
278	240
316	240
271	240
376	240
260	241
328	241
308	241
250	241
331	241
257	241
334	241
307	241
400	241
225	241
433	241
333	241
143	241
333	241
320	242
197	242
420	242
357	242
342	242
322	242
217	242
173	242
339	242
105	242
396	242
309	242
424	243
242	243
294	243
408	243
271	243
299	243
353	243
435	243
282	243
298	243
350	243
284	243
395	244
308	244
389	244
292	244
302	244
280	244
289	244
353	244
445	244
331	244
271	244
299	244
305	244
373	244
208	244
296	245
332	245
212	245
291	245
291	245
275	245
305	245
264	245
297	245
130	245
331	246
201	246
301	246
337	246
400	246
163	246
311	246
282	246
300	246
392	246
339	246
377	246
352	246
284	246
381	247
346	247
262	247
359	247
363	247
456	247
141	247
366	247
288	247
371	247
258	247
401	247
300	247
349	248
255	248
268	248
235	248
486	248
217	248
361	248
354	248
345	248
290	248
350	249
289	249
261	249
419	249
346	249
383	249
308	249
415	249
376	249
390	249
204	249
309	249
288	249
317	249
374	250
333	250
360	250
338	250
348	250
367	250
228	250
368	250
250	250
329	250
401	250
386	250
182	250
356	250
302	250
330	250
271	250
289	250
305	251
389	251
435	251
336	251
336	251
308	251
330	251
445	251
353	251
333	251
372	251
257	251
333	251
406	251
270	251
401	251
212	252
221	252
360	252
281	252
399	252
332	252
329	252
339	252
251	252
393	252
231	252
316	252
318	252
327	253
409	253
323	253
247	253
276	253
336	253
195	253
255	253
305	253
392	253
384	253
432	253
228	253
314	253
335	253
297	254
353	254
361	254
412	254
381	254
403	254
332	254
300	254
332	254
282	254
212	254
283	255
387	255
453	255
416	255
179	255
428	255
271	255
289	255
327	255
211	255
368	255
392	255
339	256
271	256
328	256
307	256
373	256
351	256
353	256
263	256
397	256
310	256
532	256
351	256
361	256
314	256
327	256
233	257
281	257
284	257
443	257
237	257
399	257
399	257
281	257
463	257
417	257
332	257
277	257
290	257
477	257
371	258
223	258
295	258
283	258
445	258
135	258
196	258
306	258
437	258
321	258
324	259
257	259
292	259
414	259
337	259
329	259
366	259
466	259
329	259
266	259
303	259
191	259
370	259
350	259
288	259
341	259
200	259
337	260
352	260
378	260
207	260
333	260
440	260
384	260
356	260
378	260
302	260
367	260
390	260
273	261
323	261
394	261
391	261
411	261
281	261
298	261
308	261
432	261
363	261
404	261
337	261
351	261
329	261
480	261
322	261
175	262
324	262
387	262
308	262
299	262
324	262
371	262
250	262
407	262
420	262
286	262
326	262
309	262
362	262
280	262
417	262
297	262
320	263
348	263
325	263
405	263
300	263
349	263
329	263
306	263
237	263
313	263
387	263
320	263
162	263
284	263
368	263
139	263
187	263
238	263
335	263
289	263
313	263
342	264
289	264
359	264
271	264
312	264
243	264
366	264
205	264
318	264
267	264
272	264
300	264
341	264
443	264
415	264
345	264
421	264
348	264
255	264
428	264
357	265
348	265
266	265
217	265
374	265
355	265
367	265
285	265
321	265
271	265
240	265
155	265
318	265
393	265
282	265
263	265
288	265
368	266
260	266
229	266
370	266
327	266
167	266
435	266
569	266
319	266
231	266
335	266
554	266
262	266
310	266
342	266
280	266
491	266
296	266
341	266
513	266
300	266
372	266
245	266
346	266
344	267
361	267
341	267
298	267
264	267
311	267
383	267
324	267
379	267
275	267
319	267
357	267
365	267
355	267
238	267
210	267
352	267
281	267
282	267
234	267
363	267
276	267
305	267
337	267
310	267
336	267
275	268
331	268
288	268
350	268
211	268
368	268
387	268
317	268
484	268
235	268
306	268
357	268
270	268
341	268
417	268
293	268
313	268
302	268
378	268
395	268
364	269
308	269
294	269
272	269
259	269
310	269
358	269
225	269
407	269
325	269
382	269
240	269
412	269
265	269
307	269
365	269
384	269
405	269
382	269
300	269
393	269
354	269
499	269
310	269
405	270
325	270
374	270
383	270
340	270
290	270
288	270
330	270
320	270
308	270
314	270
267	270
291	270
333	270
370	270
440	270
304	270
249	270
331	270
346	270
297	270
319	270
335	271
530	271
328	271
366	271
269	271
178	271
198	271
263	271
178	271
308	271
500	271
318	271
363	271
109	271
385	271
301	271
350	271
291	271
349	271
343	271
283	271
337	271
300	271
406	271
269	271
390	271
409	271
377	271
275	272
248	272
270	272
277	272
307	272
352	272
204	272
262	272
290	272
304	272
449	272
294	272
376	272
374	272
351	272
263	272
294	272
393	272
276	272
316	272
236	272
309	272
274	272
280	272
195	272
178	272
250	273
379	273
386	273
398	273
316	273
361	273
305	273
362	273
239	273
345	273
350	273
387	273
260	273
316	273
317	273
281	273
254	273
214	274
355	274
317	274
333	274
338	274
393	274
387	274
342	274
265	274
273	274
224	274
121	274
322	274
385	274
268	274
250	274
350	274
285	274
300	274
450	274
264	274
356	274
252	275
301	275
358	275
366	275
313	275
231	275
307	275
362	275
343	275
328	275
248	275
316	275
234	275
338	275
313	275
389	275
344	275
372	275
343	275
313	275
363	275
435	275
286	276
336	276
344	276
384	276
304	276
315	276
362	276
446	276
290	276
334	276
102	276
291	276
344	276
454	276
427	276
283	276
348	276
274	276
438	276
272	277
255	277
327	277
289	277
256	277
444	277
350	277
340	277
207	277
254	277
382	277
316	277
247	277
452	277
401	277
346	277
353	277
172	277
323	278
330	278
366	278
404	278
262	278
363	278
430	278
194	278
234	278
371	278
360	278
355	278
353	278
420	278
344	278
284	278
304	278
330	279
388	279
223	279
337	279
491	279
237	279
206	279
397	279
257	279
276	279
379	279
266	279
297	279
275	279
219	279
277	279
326	279
327	279
335	279
171	279
302	279
280	279
272	279
362	279
424	279
251	279
336	279
324	279
353	279
308	279
283	280
227	280
294	280
290	280
297	280
389	280
374	280
456	280
335	280
316	280
239	280
359	280
273	280
403	280
210	280
360	280
515	280
245	280
50	280
196	280
289	280
322	280
270	280
213	280
312	280
231	281
300	281
421	281
380	281
373	281
254	281
281	281
44	281
266	281
303	281
310	281
187	281
297	281
339	281
237	281
381	281
274	281
307	281
185	281
346	281
287	281
335	281
304	281
310	281
311	281
367	281
279	282
309	282
178	282
359	282
454	282
335	282
300	282
310	282
228	282
380	282
332	282
491	282
312	282
399	282
409	282
299	282
304	282
125	282
410	282
318	282
320	282
360	282
429	282
319	282
321	282
488	282
334	282
281	282
218	282
236	282
365	282
296	282
257	282
381	282
250	282
328	283
389	283
337	283
300	283
317	283
384	283
283	283
265	283
271	283
333	283
335	283
303	283
339	283
307	283
308	283
378	283
375	283
339	283
348	283
351	283
354	283
312	283
339	284
345	284
347	284
347	284
235	284
206	284
324	284
315	284
423	284
330	284
321	284
305	284
268	284
290	284
299	284
325	284
476	284
279	284
307	284
307	284
389	284
273	284
303	284
423	284
279	284
295	284
377	284
347	284
271	284
231	284
325	284
243	284
163	284
398	284
316	284
293	284
238	284
233	284
296	284
219	285
65	285
319	285
310	285
361	285
211	285
377	285
329	285
367	285
327	285
232	285
363	285
237	285
370	285
116	285
195	285
171	285
312	285
348	285
165	285
337	285
327	285
324	285
270	285
301	285
321	285
303	286
282	286
311	286
157	286
414	286
299	286
269	286
252	286
438	286
263	286
259	286
321	286
329	286
280	286
334	286
250	286
350	286
244	286
341	286
383	286
358	286
259	286
217	286
221	287
421	287
258	287
356	287
188	287
314	287
192	287
441	287
197	287
313	287
355	287
319	287
297	287
316	287
425	287
339	287
303	287
292	287
311	287
232	287
346	287
394	287
383	287
312	287
402	287
323	287
378	288
347	288
292	288
269	288
448	288
399	288
272	288
418	288
382	288
276	288
394	288
331	288
347	288
312	288
293	288
269	288
251	288
320	288
175	288
201	288
358	288
356	288
356	288
331	288
348	288
310	288
390	288
357	288
339	288
330	288
253	288
294	288
284	288
252	289
300	289
250	289
381	289
337	289
279	289
292	289
350	289
258	289
326	289
290	289
314	289
274	289
296	289
392	289
395	289
241	289
424	289
425	289
369	289
304	289
308	289
448	289
319	289
284	289
305	289
279	289
283	289
400	290
308	290
369	290
389	290
466	290
319	290
313	290
292	290
262	290
278	290
350	290
311	290
150	290
281	290
247	290
329	290
257	290
383	290
273	290
285	290
304	290
248	290
225	290
224	290
317	290
310	290
244	290
279	290
387	290
441	290
308	290
339	290
235	290
192	290
316	290
279	290
257	290
132	290
341	290
261	290
330	290
428	290
288	290
452	291
337	291
395	291
317	291
161	291
344	291
240	291
244	291
174	291
253	291
282	291
298	291
311	291
349	291
444	291
313	291
290	291
364	291
302	291
389	291
302	291
280	291
371	291
225	291
253	291
210	291
340	291
204	291
243	291
274	292
388	292
189	292
389	292
374	292
284	292
322	292
307	292
366	292
267	292
508	292
359	292
267	292
354	292
358	292
281	292
358	292
319	292
239	292
211	292
302	292
388	292
456	292
285	292
211	292
282	292
362	292
266	293
394	293
303	293
289	293
327	293
342	293
356	293
294	293
385	293
306	293
333	293
280	293
288	293
450	293
328	293
291	293
342	293
389	293
299	293
297	293
367	293
326	293
375	293
360	293
365	293
374	294
291	294
212	294
340	294
296	294
343	294
397	294
315	294
283	294
136	294
344	294
339	294
264	294
389	294
444	294
320	294
177	294
362	294
187	294
225	294
323	294
288	294
338	294
414	294
293	294
271	294
287	294
381	294
270	294
311	295
298	295
203	295
314	295
380	295
288	295
349	295
384	295
308	295
337	295
299	295
272	295
197	295
276	295
338	295
141	295
247	295
187	295
353	295
448	295
274	295
218	295
280	296
339	296
341	296
317	296
364	296
316	296
316	296
326	296
371	296
369	296
424	296
448	296
42	296
318	296
368	296
398	296
290	296
327	296
273	296
324	296
319	296
288	296
340	297
358	297
371	297
151	297
200	297
350	297
240	297
266	297
367	297
205	297
330	297
323	297
250	297
231	297
227	297
304	297
365	297
300	297
204	297
301	297
304	297
253	297
336	297
364	297
292	297
309	297
310	297
179	297
397	297
187	297
336	298
253	298
356	298
210	298
328	298
341	298
330	298
369	298
362	298
263	298
263	298
258	298
330	298
336	298
270	298
384	298
317	298
235	298
333	298
197	298
380	298
292	298
152	298
310	298
283	298
308	298
527	298
360	298
320	298
287	299
348	299
371	299
421	299
238	299
307	299
212	299
237	299
327	299
266	299
202	299
286	299
416	299
281	299
371	299
259	299
269	299
246	299
374	299
343	299
290	299
337	299
331	299
302	299
308	299
325	299
285	299
285	299
328	299
307	300
511	300
222	300
385	300
259	300
316	300
340	300
330	300
250	300
343	300
343	300
371	300
400	300
393	300
238	300
436	300
426	300
224	300
309	300
329	300
332	300
340	300
448	300
298	300
356	300
413	300
220	300
238	300
332	300
384	300
199	300
290	300
442	301
252	301
269	301
365	301
347	301
278	301
359	301
413	301
418	301
398	301
284	301
368	301
246	301
299	301
161	301
371	301
355	301
250	301
345	301
346	301
244	301
315	301
223	301
412	301
278	302
349	302
392	302
291	302
266	302
358	302
482	302
508	302
208	302
267	302
448	302
432	302
286	302
373	302
193	302
403	302
360	302
315	302
443	302
279	302
275	302
157	302
288	302
357	302
276	302
389	302
395	302
458	303
291	303
328	303
334	303
480	303
306	303
229	303
274	303
294	303
304	303
446	303
326	303
305	303
394	303
371	303
337	303
383	303
345	303
275	303
94	303
399	303
398	303
368	303
267	303
284	304
339	304
360	304
327	304
288	304
125	304
182	304
97	304
266	304
300	304
236	304
230	304
306	304
289	304
295	304
198	304
385	304
259	304
279	304
223	304
304	304
265	304
175	304
263	304
462	304
408	304
234	304
346	304
379	304
210	304
306	305
230	305
275	305
195	305
370	305
189	305
352	305
237	305
277	305
263	305
284	305
348	305
263	305
295	305
306	305
421	305
362	305
127	305
338	305
255	305
197	305
399	305
384	305
298	305
278	305
339	305
366	305
241	305
442	305
340	305
261	305
266	305
246	305
311	306
286	306
265	306
327	306
337	306
279	306
186	306
297	306
152	306
348	306
293	306
302	306
191	306
346	306
306	306
419	306
240	306
437	306
351	306
393	306
327	306
196	307
293	307
394	307
338	307
411	307
328	307
212	307
331	307
370	307
385	307
304	307
282	307
261	307
393	307
313	307
233	307
348	307
365	307
280	307
391	307
549	307
205	307
297	307
365	307
320	307
332	307
309	307
244	307
339	307
274	307
217	308
513	308
398	308
289	308
273	308
323	308
309	308
405	308
280	308
129	308
412	308
498	308
387	308
323	308
309	308
320	308
160	308
444	308
215	308
454	308
324	308
285	308
297	308
343	308
320	308
337	308
282	308
297	308
126	308
435	308
373	308
178	308
319	308
282	308
424	308
307	308
394	308
244	308
272	308
311	308
449	309
378	309
234	309
253	309
253	309
389	309
338	309
332	309
405	309
383	309
427	309
372	309
296	309
117	309
363	309
434	309
312	309
301	309
175	309
279	309
363	309
313	309
247	309
315	309
256	309
298	309
207	309
376	309
402	309
353	310
277	310
354	310
205	310
194	310
368	310
334	310
150	310
284	310
368	310
306	310
431	310
269	310
360	310
469	310
159	310
319	310
277	310
300	310
325	310
321	310
269	310
322	310
294	310
269	310
165	310
184	310
314	310
323	310
220	310
272	310
366	310
361	310
306	310
164	310
275	310
334	310
305	311
331	311
511	311
308	311
335	311
327	311
295	311
443	311
292	311
325	311
333	311
337	311
321	311
327	311
329	311
270	311
281	311
269	311
371	311
290	311
301	311
252	311
229	311
262	311
364	311
378	311
196	311
211	311
288	311
423	311
432	311
320	311
249	311
284	312
409	312
349	312
237	312
284	312
280	312
199	312
271	312
295	312
357	312
416	312
204	312
264	312
451	312
321	312
326	312
289	312
375	312
310	312
383	312
319	312
471	312
308	312
319	312
328	312
355	312
304	312
466	312
341	312
244	312
137	312
193	312
274	312
263	312
290	313
222	313
319	313
276	313
405	313
436	313
240	313
383	313
343	313
391	313
291	313
338	313
371	313
350	313
357	313
361	313
357	313
314	313
352	313
420	313
110	313
368	313
374	313
318	313
274	313
337	313
323	313
316	313
316	313
274	313
592	313
315	313
305	313
450	314
332	314
288	314
237	314
255	314
167	314
290	314
386	314
421	314
281	314
186	314
334	314
261	314
282	314
238	314
411	314
390	314
350	314
370	314
316	314
293	314
368	314
305	314
344	314
335	314
427	314
317	315
347	315
136	315
313	315
350	315
397	315
359	315
400	315
307	315
325	315
251	315
396	315
313	315
346	315
342	315
309	315
357	315
367	315
246	315
394	315
355	315
373	315
328	315
364	315
251	315
159	315
357	315
347	315
362	315
436	315
335	315
351	315
272	316
367	316
329	316
372	316
423	316
323	316
370	316
235	316
341	316
310	316
312	316
365	316
399	316
108	316
257	316
282	316
283	316
353	316
327	316
402	316
469	316
433	316
331	316
403	316
357	316
332	316
253	316
216	316
286	316
272	316
247	316
384	316
333	316
321	316
262	316
281	316
339	316
351	316
362	316
229	316
170	316
288	316
368	316
371	316
389	316
358	316
334	316
344	316
394	317
311	317
379	317
225	317
256	317
383	317
489	317
463	317
312	317
314	317
316	317
342	317
259	317
316	317
343	317
297	317
465	317
460	317
216	317
289	317
440	317
311	317
295	317
267	317
274	317
372	317
352	317
377	317
259	317
316	317
353	318
339	318
278	318
154	318
253	318
308	318
403	318
217	318
311	318
347	318
269	318
347	318
355	318
353	318
355	318
232	318
349	318
224	318
284	318
346	318
410	319
420	319
194	319
283	319
395	319
397	319
285	319
284	319
294	319
290	319
299	319
298	319
276	319
383	319
307	319
301	319
364	319
270	319
309	319
365	319
201	319
319	319
311	319
311	319
292	319
290	319
317	319
461	319
266	319
295	319
164	319
336	319
451	319
339	319
173	319
305	319
267	319
273	319
403	319
303	319
266	319
319	319
220	319
239	320
323	320
324	320
383	320
398	320
395	320
343	320
409	320
322	320
275	320
428	320
341	320
305	320
331	320
397	320
221	320
340	320
285	320
355	320
277	320
454	320
274	320
286	320
326	320
316	320
290	320
324	320
377	320
372	320
320	320
244	320
266	320
348	320
224	321
390	321
305	321
430	321
311	321
329	321
347	321
406	321
383	321
378	321
449	321
282	321
285	321
360	321
382	321
261	321
281	321
251	321
326	321
266	321
256	321
409	321
362	321
377	321
342	321
363	322
330	322
299	322
329	322
287	322
251	322
417	322
238	322
304	322
267	322
259	322
284	322
240	322
331	322
236	322
274	322
374	322
305	322
374	322
277	322
276	322
235	323
302	323
296	323
238	323
231	323
301	323
341	323
282	323
363	323
345	323
314	323
347	323
278	323
247	323
299	323
277	323
440	323
316	323
291	323
242	323
168	323
312	323
376	323
268	323
412	323
267	323
279	323
335	323
344	323
280	323
357	323
313	323
349	323
399	323
268	323
207	324
358	324
267	324
334	324
295	324
352	324
243	324
364	324
288	324
355	324
198	324
262	324
316	324
329	324
382	324
393	324
305	324
322	324
292	324
373	324
377	324
301	325
249	325
272	325
289	325
107	325
308	325
449	325
401	325
235	325
369	325
422	325
188	325
373	325
450	325
344	325
144	325
305	325
386	325
234	325
322	325
311	325
257	325
326	325
516	325
364	325
428	325
472	325
334	325
285	325
310	326
353	326
328	326
340	326
289	326
396	326
351	326
330	326
326	326
436	326
353	326
351	326
309	326
353	326
286	326
223	326
348	326
323	326
297	326
305	326
375	326
291	326
282	326
311	326
325	326
198	326
375	326
394	327
363	327
242	327
191	327
319	327
340	327
232	327
231	327
322	327
260	327
120	327
257	327
330	327
151	327
364	327
394	327
317	327
380	327
397	327
235	327
259	327
342	327
199	327
287	327
400	327
416	327
326	327
338	327
408	327
272	327
367	327
311	327
341	327
380	327
386	327
429	327
357	327
212	327
352	327
126	328
241	328
339	328
312	328
297	328
338	328
296	328
294	328
230	328
316	328
282	328
145	328
316	328
335	328
396	328
482	328
27	328
405	328
326	328
284	328
477	328
337	328
420	328
316	328
339	328
319	328
284	328
261	328
355	328
305	328
346	329
267	329
327	329
357	329
346	329
279	329
335	329
250	329
344	329
239	329
296	329
236	329
317	329
230	329
338	329
316	329
377	329
266	329
348	329
298	329
333	329
254	329
293	329
242	329
282	329
453	329
263	329
257	329
267	329
138	329
476	329
418	329
283	329
348	329
280	330
322	330
415	330
320	330
366	330
301	330
314	330
386	330
289	330
311	330
332	330
403	330
285	330
302	330
353	330
337	330
227	330
343	330
402	330
283	330
303	330
388	330
171	330
234	330
371	330
224	330
284	330
417	330
348	330
441	330
263	331
319	331
231	331
258	331
286	331
224	331
260	331
319	331
281	331
289	331
519	331
276	331
289	331
399	331
316	331
408	331
301	331
325	331
400	331
211	331
145	331
290	331
304	331
232	331
337	331
184	331
589	331
314	332
159	332
371	332
261	332
297	332
316	332
357	332
240	332
267	332
440	332
371	332
266	332
306	332
219	332
284	332
366	332
417	332
277	332
309	332
256	332
397	332
362	332
308	332
371	332
216	332
303	333
372	333
290	333
316	333
374	333
280	333
412	333
459	333
460	333
334	333
342	333
355	333
137	333
280	333
379	333
350	333
382	333
428	333
337	333
321	333
279	333
389	333
312	333
420	333
178	334
298	334
291	334
279	334
149	334
298	334
301	334
378	334
329	334
388	334
241	334
185	334
218	334
257	334
340	334
315	334
317	334
299	334
288	334
263	334
384	334
224	334
387	334
172	334
387	334
176	334
309	334
331	334
254	334
458	335
370	335
317	335
362	335
331	335
255	335
462	335
227	335
323	335
340	335
253	335
280	335
219	335
302	335
375	335
383	335
344	335
346	335
318	335
296	335
306	335
243	335
428	335
342	335
379	335
227	335
324	335
424	335
429	335
371	335
268	335
317	336
328	336
396	336
438	336
335	336
265	336
343	336
321	336
352	336
334	336
264	336
279	336
273	336
284	336
293	336
299	336
347	336
389	336
346	336
370	336
126	336
279	336
261	336
346	336
337	336
374	337
407	337
226	337
272	337
292	337
345	337
180	337
155	337
295	337
225	337
426	337
345	337
348	337
265	337
236	337
299	337
333	337
155	337
308	337
328	337
312	337
339	337
251	337
449	337
227	337
148	337
438	337
234	337
348	337
493	337
249	337
229	337
256	337
272	337
210	337
287	337
250	337
294	337
316	337
357	337
281	337
508	337
354	337
207	338
313	338
218	338
324	338
313	338
344	338
392	338
215	338
312	338
249	338
293	338
331	338
430	338
287	338
249	338
246	338
315	338
328	338
378	338
387	338
288	338
220	338
282	338
337	338
394	338
397	338
312	339
330	339
370	339
362	339
385	339
310	339
344	339
337	339
267	339
360	339
332	339
366	339
256	339
314	339
433	339
209	339
272	339
352	339
379	339
274	339
334	339
304	339
396	339
374	339
404	339
319	339
364	339
323	339
166	339
436	339
358	339
327	339
274	339
303	339
382	339
405	339
142	339
344	339
406	339
396	339
208	339
328	339
372	339
242	339
254	339
323	340
334	340
304	340
389	340
322	340
397	340
249	340
142	340
336	340
377	340
361	340
307	340
316	340
444	340
434	340
338	340
305	340
489	340
248	340
341	340
399	340
377	340
384	340
328	340
182	341
367	341
361	341
454	341
236	341
320	341
274	341
320	341
311	341
537	341
436	341
298	341
337	341
299	341
393	341
384	341
298	341
378	341
313	341
359	341
326	341
188	341
435	341
225	341
359	341
371	341
428	341
267	341
505	341
344	341
305	341
288	341
384	342
304	342
327	342
457	342
266	342
319	342
568	342
303	342
280	342
345	342
398	342
282	342
292	342
331	342
173	342
413	342
391	342
318	342
352	342
287	342
399	342
289	342
279	342
304	342
514	342
448	342
307	342
289	342
300	343
356	343
314	343
341	343
214	343
303	343
303	343
341	343
188	343
379	343
293	343
249	343
300	343
307	343
454	343
398	343
284	343
292	343
498	343
328	343
290	343
283	343
306	343
264	343
340	343
221	343
403	343
337	343
419	343
316	343
362	343
412	343
294	343
412	343
230	344
316	344
308	344
117	344
237	344
354	344
314	344
302	344
556	344
389	344
244	344
305	344
482	344
305	344
366	344
306	344
345	344
175	344
294	344
259	344
336	344
339	344
278	344
115	344
292	344
263	344
312	344
303	344
343	344
201	344
131	344
302	344
410	344
410	344
238	344
354	344
482	344
394	345
339	345
303	345
319	345
414	345
358	345
364	345
353	345
149	345
295	345
370	345
282	345
351	345
262	345
293	345
268	345
307	345
255	345
374	345
435	345
400	345
268	346
342	346
297	346
281	346
328	346
246	346
356	346
408	346
256	346
357	346
272	346
338	346
374	346
435	346
304	346
357	346
236	346
385	346
296	346
213	346
477	346
282	346
295	346
293	346
252	346
395	346
437	346
378	346
390	347
460	347
376	347
339	347
329	347
256	347
273	347
340	347
381	347
219	347
304	347
323	347
269	347
341	347
197	347
320	347
305	347
327	347
262	347
303	347
296	347
303	347
342	347
144	347
364	347
330	347
395	347
236	347
474	347
290	347
279	347
201	347
371	347
282	347
239	347
320	348
315	348
350	348
362	348
352	348
384	348
310	348
355	348
46	348
391	348
421	348
372	348
279	348
246	348
308	348
247	348
285	348
300	348
328	348
395	348
385	348
327	348
379	348
249	348
296	348
331	348
350	348
316	348
253	349
274	349
355	349
248	349
321	349
342	349
309	349
366	349
225	349
404	349
456	349
324	349
447	349
419	349
324	349
267	349
403	349
369	349
453	349
313	349
388	349
177	349
388	349
319	349
347	349
316	350
271	350
285	350
343	350
376	350
291	350
326	350
217	350
157	350
363	350
345	350
371	350
366	350
322	350
410	350
365	350
315	350
403	350
272	350
291	350
321	350
403	350
277	350
361	350
349	350
323	350
319	351
459	351
294	351
352	351
423	351
361	351
360	351
347	351
438	351
310	351
434	351
292	351
419	351
177	351
346	351
474	351
338	351
309	351
461	351
302	351
302	351
307	351
320	351
345	352
360	352
387	352
285	352
214	352
343	352
335	352
146	352
353	352
335	352
420	352
168	352
297	352
385	352
223	352
287	352
210	352
398	352
290	352
330	352
159	352
277	353
304	353
241	353
381	353
265	353
353	353
190	353
265	353
422	353
342	353
307	353
290	353
297	353
334	353
242	353
292	353
310	353
329	353
214	353
275	353
288	353
252	353
224	353
361	353
429	353
301	353
345	353
117	353
406	353
372	353
339	353
371	354
480	354
245	354
323	354
328	354
288	354
261	354
272	354
317	354
243	354
424	354
330	354
214	354
389	354
373	354
276	354
351	354
355	355
432	355
366	355
466	355
429	355
267	355
252	355
403	355
379	355
268	355
286	355
359	355
359	355
407	355
238	355
250	355
378	355
317	355
256	355
306	355
178	355
451	355
433	355
248	355
415	355
337	355
437	355
271	355
204	355
278	355
335	355
353	355
320	356
386	356
215	356
264	356
295	356
413	356
269	356
391	356
116	356
400	356
540	356
323	356
330	356
312	356
268	356
347	356
164	356
359	356
360	356
353	356
335	356
342	357
439	357
297	357
376	357
325	357
320	357
318	357
287	357
162	357
458	357
336	357
385	357
427	357
279	357
325	357
331	357
266	357
285	357
394	357
299	357
356	357
402	357
340	357
286	357
270	357
404	357
389	357
431	357
466	357
224	357
290	357
405	357
453	358
182	358
326	358
284	358
262	358
309	358
388	358
314	358
328	358
267	358
244	358
241	358
330	358
357	358
399	358
361	358
411	358
360	358
247	358
434	358
321	358
313	358
349	358
344	359
394	359
343	359
293	359
338	359
358	359
279	359
269	359
327	359
334	359
464	359
339	359
206	359
358	359
323	359
315	359
298	359
282	359
340	360
232	360
263	360
285	360
149	360
294	360
294	360
367	360
349	360
314	360
376	360
327	360
297	360
323	360
245	360
376	360
199	360
315	360
435	360
353	360
453	360
342	360
372	360
341	360
406	360
360	360
318	360
197	361
402	361
317	361
319	361
450	361
295	361
172	361
329	361
339	361
187	361
297	361
327	361
267	361
320	361
365	361
335	361
298	361
424	361
261	361
243	361
372	361
473	361
336	362
317	362
296	362
339	362
299	362
332	362
265	362
321	362
326	362
321	362
312	362
298	362
312	362
267	362
200	362
444	362
210	362
251	362
359	362
325	362
416	362
336	363
353	363
177	363
363	363
384	363
351	363
344	363
125	363
330	363
286	363
224	363
355	363
323	363
312	363
393	363
319	363
365	363
348	363
309	363
355	363
366	363
345	363
368	364
325	364
418	364
310	364
258	364
317	364
309	364
381	364
445	364
369	364
463	364
327	364
294	364
292	364
313	364
246	364
283	364
260	364
279	364
290	364
366	364
242	364
378	364
461	364
117	364
458	364
308	365
363	365
286	365
249	365
352	365
474	365
293	365
317	365
314	365
381	365
268	365
296	365
386	365
233	365
416	365
285	365
391	365
281	365
435	365
274	365
367	365
320	366
392	366
308	366
229	366
364	366
335	366
337	366
238	366
198	366
305	366
330	366
210	366
413	366
351	366
314	366
355	366
243	366
272	366
334	366
294	366
281	366
206	366
384	366
434	366
340	366
230	366
286	366
270	366
300	366
265	366
337	367
246	367
337	367
233	367
200	367
351	367
344	367
349	367
212	367
382	367
309	367
287	367
341	367
242	367
382	367
308	367
270	367
401	367
318	367
361	367
366	367
150	367
372	367
366	367
249	367
336	367
436	367
346	367
295	367
270	368
307	368
405	368
185	368
302	368
117	368
345	368
271	368
349	368
320	368
381	368
267	368
421	368
367	368
358	368
390	368
323	368
355	368
349	368
274	368
329	368
372	368
297	368
321	368
209	368
374	368
317	368
418	369
447	369
363	369
190	369
317	369
282	369
250	369
280	369
364	369
372	369
366	369
313	369
217	369
235	369
368	370
112	370
367	370
426	370
385	370
133	370
227	370
212	370
306	370
291	370
255	370
354	370
385	370
336	370
292	370
347	370
264	370
311	370
222	370
311	370
224	371
424	371
233	371
337	371
239	371
329	371
351	371
368	371
417	371
290	371
290	371
296	371
320	371
302	371
328	371
275	371
326	371
327	371
358	371
389	371
537	371
336	371
297	371
343	371
419	371
337	371
570	371
350	371
155	371
251	371
354	371
291	371
418	371
325	371
291	371
449	371
368	371
349	372
298	372
210	372
302	372
396	372
179	372
336	372
375	372
284	372
343	372
358	372
179	372
401	372
251	372
364	372
245	372
315	372
319	372
403	372
241	372
355	372
354	372
415	372
312	373
344	373
459	373
349	373
372	373
300	373
378	373
206	373
284	373
392	373
435	373
332	373
125	373
392	373
334	373
310	374
287	374
211	374
311	374
356	374
406	374
226	374
212	374
405	374
269	374
109	374
236	374
318	374
270	374
329	374
357	374
335	374
435	374
232	374
341	374
316	374
367	374
276	374
284	374
359	375
327	375
299	375
312	375
368	375
298	375
355	375
330	375
198	375
360	375
120	375
295	375
278	375
291	376
202	376
230	376
316	376
315	376
369	376
400	376
308	376
335	376
236	376
340	376
365	376
205	376
316	376
312	376
373	376
420	376
388	376
376	376
289	376
270	376
329	376
244	377
340	377
320	377
280	377
327	377
321	377
387	377
353	377
331	377
281	377
381	377
342	377
397	377
268	377
286	377
299	377
282	377
354	377
134	378
115	378
412	378
421	378
217	378
262	378
350	378
304	378
240	378
379	378
301	378
372	378
384	378
254	378
163	378
382	378
269	378
314	378
233	378
339	379
348	379
326	379
319	379
312	379
341	379
292	379
349	379
325	379
477	379
331	379
421	379
287	379
282	379
456	379
298	379
367	379
346	379
308	379
365	379
336	380
363	380
129	380
316	380
354	380
264	380
388	380
332	380
376	380
365	380
339	380
359	380
363	380
394	380
345	381
371	381
389	381
325	381
163	381
242	381
341	381
343	381
372	381
336	381
328	381
399	381
251	381
439	381
319	381
311	381
352	381
360	382
305	382
329	382
293	382
326	382
341	382
433	382
294	382
315	382
327	382
284	382
287	382
323	382
322	382
271	382
270	382
445	382
457	383
378	383
410	383
327	383
292	383
263	383
504	383
239	383
281	383
474	383
373	383
309	383
323	383
431	383
225	383
271	383
415	383
110	383
442	383
312	383
407	383
293	384
388	384
312	384
225	384
381	384
197	384
288	384
294	384
610	384
412	384
247	384
356	384
125	384
338	384
399	384
301	384
368	384
302	384
351	384
290	384
337	384
371	384
314	385
322	385
318	385
248	385
326	385
285	385
266	385
313	385
335	385
310	385
312	385
224	385
277	385
281	385
284	385
286	385
286	385
369	385
269	386
284	386
275	386
405	386
397	386
251	386
327	386
267	386
397	386
231	386
333	386
391	386
147	386
338	386
357	386
270	386
339	386
416	387
589	387
264	387
316	387
272	387
291	387
243	387
271	387
186	387
315	387
176	387
224	387
249	387
263	387
288	387
292	387
252	387
256	388
219	388
228	388
345	388
304	388
347	388
288	388
137	388
171	388
334	388
351	388
216	388
327	388
394	388
353	389
344	389
209	389
302	389
189	389
427	389
411	389
332	389
342	389
261	389
319	389
369	389
410	389
432	389
351	389
111	389
314	389
399	389
355	389
131	389
298	389
339	389
319	389
293	389
320	389
352	389
291	390
350	390
207	390
271	390
333	390
211	390
264	390
207	390
359	390
316	390
287	390
307	391
395	391
318	391
206	391
320	391
252	391
228	391
279	391
329	391
337	391
278	391
449	391
351	391
260	392
355	392
283	392
322	392
346	392
191	392
236	392
333	392
313	392
408	392
323	392
269	392
412	392
341	392
218	392
243	393
263	393
377	393
268	393
272	393
358	393
370	393
335	393
198	393
370	393
381	393
341	393
385	393
397	393
388	393
341	394
352	394
327	394
402	394
377	394
280	394
360	394
335	394
250	394
275	394
293	394
225	394
364	394
304	394
276	394
339	394
311	394
122	394
466	394
335	394
290	394
325	395
367	395
501	395
252	395
239	395
415	395
246	395
299	395
331	395
353	395
318	395
310	395
251	395
515	395
267	395
184	395
366	395
245	396
275	396
386	396
347	396
288	396
312	396
390	396
111	396
300	396
204	396
421	396
339	396
68	396
159	397
244	397
410	397
330	397
348	397
451	397
181	397
324	397
300	397
343	397
384	397
151	397
340	397
334	397
368	397
331	397
256	397
326	398
120	398
339	398
362	398
403	398
244	398
295	398
389	398
379	398
201	398
289	398
386	399
397	399
422	399
329	399
342	399
226	399
276	399
344	399
304	399
264	399
247	399
358	399
290	399
310	399
170	399
272	399
336	399
322	399
448	399
290	399
338	399
319	399
279	400
414	400
235	400
347	400
305	400
379	400
494	400
268	400
315	400
331	400
323	400
265	401
254	401
301	401
402	401
270	401
378	401
380	401
216	401
423	401
409	401
285	401
400	402
349	402
303	402
306	402
315	402
311	402
277	402
329	402
356	402
329	402
286	402
396	402
276	403
179	403
371	403
372	403
304	403
249	403
430	403
347	403
380	403
299	403
283	403
314	403
295	403
357	403
371	403
598	403
424	404
396	404
285	404
284	404
303	404
376	404
279	404
424	404
275	404
344	404
308	405
315	405
259	405
177	405
311	405
245	405
313	405
366	405
247	405
318	405
361	405
238	405
236	405
275	405
345	406
179	406
347	406
316	406
159	406
203	406
130	406
218	406
251	406
439	406
261	406
231	406
380	407
337	407
282	407
231	407
174	407
264	407
438	407
344	407
378	408
422	408
261	408
323	408
358	408
341	408
315	408
342	408
230	408
325	409
268	409
460	409
298	409
287	409
381	409
395	409
391	409
331	409
330	409
343	409
364	410
371	410
254	410
439	410
154	410
267	410
344	410
394	410
341	410
376	410
281	411
186	411
315	411
241	411
291	411
315	411
150	411
248	411
329	411
329	412
320	412
273	412
99	412
376	412
317	412
357	412
319	412
382	412
270	412
334	412
368	412
268	412
336	413
347	413
360	413
326	413
475	413
432	413
251	413
282	413
316	413
151	414
337	414
285	414
319	414
328	414
173	414
192	414
240	414
284	414
315	415
319	415
285	415
382	415
221	415
175	415
401	415
308	415
391	415
283	416
401	416
216	416
431	416
297	416
403	416
298	416
253	416
262	417
366	417
252	417
367	417
218	417
342	417
382	417
220	417
319	418
363	418
225	418
106	418
254	418
386	418
235	418
86	419
284	419
344	419
297	419
222	419
217	419
374	419
134	419
310	420
325	420
420	420
284	420
470	420
383	420
322	420
184	420
269	420
374	420
371	420
377	420
396	420
310	420
395	421
253	421
348	421
391	421
262	421
308	421
264	421
439	421
450	421
362	421
411	421
321	421
332	421
471	422
287	422
228	422
369	422
103	423
300	423
430	423
360	423
239	423
367	423
95	423
91	424
311	424
96	424
311	424
310	424
364	424
78	424
322	424
295	424
388	424
324	424
347	424
144	424
379	425
307	425
370	425
466	426
324	426
298	426
303	426
376	426
379	426
370	426
350	426
360	427
265	427
290	427
324	427
332	427
349	427
376	428
348	428
366	428
250	428
240	428
171	428
303	428
263	428
334	428
374	428
160	429
344	429
325	429
402	429
287	429
427	429
309	429
316	430
317	430
355	430
276	430
414	430
233	430
436	431
327	431
208	431
460	431
316	432
344	432
326	432
413	432
343	432
377	432
339	432
286	432
288	433
300	433
408	433
429	433
401	433
383	433
320	434
412	434
318	434
459	434
273	434
257	434
297	434
299	435
405	435
314	435
369	435
362	435
239	435
288	435
266	435
385	435
300	435
337	435
290	435
342	435
264	436
383	436
364	436
406	436
371	436
352	436
377	436
342	436
410	436
344	437
357	437
370	437
307	437
391	437
395	438
430	438
315	438
241	438
374	438
373	438
298	438
296	438
337	438
198	438
387	439
291	439
334	439
312	439
162	439
272	440
244	440
324	440
346	440
303	440
346	440
420	441
299	441
270	441
299	442
297	442
343	442
377	442
287	442
512	443
275	443
310	443
77	443
395	443
271	443
243	444
329	444
293	444
359	444
382	444
476	444
237	444
289	445
332	445
367	445
310	445
212	445
221	445
389	446
344	446
371	446
438	447
324	447
376	447
339	448
284	448
419	448
399	448
434	448
173	448
264	448
292	448
380	448
293	449
255	449
387	449
214	449
353	449
294	449
286	449
301	449
360	450
346	450
275	450
291	450
269	450
364	450
228	450
271	451
383	451
385	451
373	451
194	452
466	452
325	452
290	453
413	453
163	453
408	453
198	453
338	453
333	454
294	454
265	454
273	454
347	454
300	454
310	454
312	456
351	456
308	456
407	456
470	456
393	457
256	457
271	458
287	458
300	458
326	458
277	459
378	459
432	459
290	459
463	460
346	460
241	460
347	460
364	460
327	461
169	461
305	461
280	462
246	462
310	463
350	463
301	463
224	463
299	464
220	465
273	466
278	466
135	466
333	466
241	466
354	466
410	466
315	466
241	467
280	469
333	469
293	470
285	470
287	471
331	471
353	472
190	472
240	472
293	473
138	474
339	474
386	474
433	474
375	475
362	476
360	476
358	476
365	477
220	477
417	477
289	477
268	480
238	480
291	480
300	482
354	482
291	482
283	482
347	484
415	486
299	488
123	488
448	489
335	489
265	491
386	491
273	491
272	493
259	494
413	495
330	498
438	498
206	499
376	500
371	500
337	501
404	504
343	505
387	505
315	505
302	508
195	508
330	508
207	511
245	511
305	511
338	512
258	513
323	513
344	514
347	515
392	515
379	516
272	519
173	527
181	530
347	532
276	537
243	537
570	540
350	544
189	549
406	554
254	556
374	568
308	569
357	570
284	570
336	580
356	589
248	589
214	592
221	598
386	610
