242
488
358
268
226
262
330
295
246
371
273
328
308
273
140
373
371
214
344
370
351
313
288
335
359
229
364
344
265
580
205
438
390
365
298
406
260
264
384
438
144
365
327
399
318
343
374
325
364
375
178
320
319
217
281
544
283
296
246
278
279
334
379
309
419
287
315
347
249
257
218
288
186
327
269
351
346
381
394
328
495
355
313
399
259
395
307
363
195
375
247
294
164
279
390
291
356
295
218
283
266
437
294
291
327
332
232
260
445
334
205
238
266
223
177
338
421
338
356
366
396
231
440
314
232
347
206
221
380
267
325
325
205
348
325
333
296
285
331
367
282
340
329
255
377
182
414
381
300
355
270
396
306
269
245
392
343
314
402
442
280
295
387
261
293
411
290
454
384
368
393
426
309
383
312
401
315
370
292
360
355
388
367
367
467
253
308
375
405
369
278
361
416
78
171
292
284
348
361
158
339
266
262
328
304
282
426
306
305
240
316
302
367
304
375
363
365
282
319
382
389
274
389
321
211
394
269
367
347
366
505
275
274
322
414
342
354
323
376
349
166
313
334
353
342
332
95
436
59
329
391
110
380
425
301
313
399
403
355
307
333
272
444
321
366
241
346
210
339
343
360
337
411
368
258
286
310
300
218
341
284
309
321
357
268
296
343
223
385
349
301
310
384
380
428
153
500
347
231
280
339
275
322
397
330
224
341
353
379
277
282
446
195
212
355
402
442
355
300
248
409
287
383
402
271
245
307
357
309
307
277
317
312
347
271
404
409
368
216
290
367
313
320
511
311
310
218
340
282
294
361
68
505
278
310
323
338
372
121
443
313
406
288
343
347
283
277
329
346
323
271
261
337
334
281
339
344
341
352
279
290
297
323
354
258
298
385
203
404
260
371
374
356
290
301
367
367
177
193
238
282
263
414
289
393
426
418
447
296
366
232
380
352
379
394
407
305
259
386
376
344
350
424
339
358
408
332
364
264
349
332
307
337
241
326
357
423
420
293
308
472
369
253
268
395
407
428
336
271
392
192
266
339
365
308
315
311
348
302
366
203
399
323
363
372
335
342
312
289
386
285
242
287
306
309
472
244
192
356
318
415
284
255
265
308
299
350
321
290
328
230
409
429
299
317
393
368
375
361
317
361
338
250
343
334
449
426
240
450
412
343
258
278
302
373
290
349
340
325
231
294
392
270
421
292
189
302
278
313
292
348
409
288
443
294
382
424
246
286
298
301
232
420
309
264
452
201
291
356
259
276
260
205
315
313
298
170
197
398
220
311
294
317
223
279
420
386
319
411
290
252
289
357
364
370
321
413
357
343
260
319
256
289
392
349
310
315
301
271
344
175
392
136
426
325
345
361
287
178
183
287
262
313
368
320
406
286
368
453
256
371
345
303
305
271
288
435
372
326
259
202
316
343
404
236
434
242
376
357
338
333
275
404
130
319
399
278
316
271
376
260
328
308
250
331
257
334
307
400
225
433
333
143
333
320
197
420
357
342
322
217
173
339
105
396
309
424
242
294
408
271
299
353
435
282
298
350
284
395
308
389
292
302
280
289
353
445
331
271
299
305
373
208
296
332
212
291
291
275
305
264
297
130
331
201
301
337
400
163
311
282
300
392
339
377
352
284
381
346
262
359
363
456
141
366
288
371
258
401
300
349
255
268
235
486
217
361
354
345
290
350
289
261
419
346
383
308
415
376
390
204
309
288
317
374
333
360
338
348
367
228
368
250
329
401
386
182
356
302
330
271
289
305
389
435
336
336
308
330
445
353
333
372
257
333
406
270
401
212
221
360
281
399
332
329
339
251
393
231
316
318
327
409
323
247
276
336
195
255
305
392
384
432
228
314
335
297
353
361
412
381
403
332
300
332
282
212
283
387
453
416
179
428
271
289
327
211
368
392
339
271
328
307
373
351
353
263
397
310
532
351
361
314
327
233
281
284
443
237
399
399
281
463
417
332
277
290
477
371
223
295
283
445
135
196
306
437
321
324
257
292
414
337
329
366
466
329
266
303
191
370
350
288
341
200
337
352
378
207
333
440
384
356
378
302
367
390
273
323
394
391
411
281
298
308
432
363
404
337
351
329
480
322
175
324
387
308
299
324
371
250
407
420
286
326
309
362
280
417
297
320
348
325
405
300
349
329
306
237
313
387
320
162
284
368
139
187
238
335
289
313
342
289
359
271
312
243
366
205
318
267
272
300
341
443
415
345
421
348
255
428
357
348
266
217
374
355
367
285
321
271
240
155
318
393
282
263
288
368
260
229
370
327
167
435
569
319
231
335
554
262
310
342
280
491
296
341
513
300
372
245
346
344
361
341
298
264
311
383
324
379
275
319
357
365
355
238
210
352
281
282
234
363
276
305
337
310
336
275
331
288
350
211
368
387
317
484
235
306
357
270
341
417
293
313
302
378
395
364
308
294
272
259
310
358
225
407
325
382
240
412
265
307
365
384
405
382
300
393
354
499
310
405
325
374
383
340
290
288
330
320
308
314
267
291
333
370
440
304
249
331
346
297
319
335
530
328
366
269
178
198
263
178
308
500
318
363
109
385
301
350
291
349
343
283
337
300
406
269
390
409
377
275
248
270
277
307
352
204
262
290
304
449
294
376
374
351
263
294
393
276
316
236
309
274
280
195
178
250
379
386
398
316
361
305
362
239
345
350
387
260
316
317
281
254
214
355
317
333
338
393
387
342
265
273
224
121
322
385
268
250
350
285
300
450
264
356
252
301
358
366
313
231
307
362
343
328
248
316
234
338
313
389
344
372
343
313
363
435
286
336
344
384
304
315
362
446
290
334
102
291
344
454
427
283
348
274
438
272
255
327
289
256
444
350
340
207
254
382
316
247
452
401
346
353
172
323
330
366
404
262
363
430
194
234
371
360
355
353
420
344
284
304
330
388
223
337
491
237
206
397
257
276
379
266
297
275
219
277
326
327
335
171
302
280
272
362
424
251
336
324
353
308
283
227
294
290
297
389
374
456
335
316
239
359
273
403
210
360
515
245
50
196
289
322
270
213
312
231
300
421
380
373
254
281
44
266
303
310
187
297
339
237
381
274
307
185
346
287
335
304
310
311
367
279
309
178
359
454
335
300
310
228
380
332
491
312
399
409
299
304
125
410
318
320
360
429
319
321
488
334
281
218
236
365
296
257
381
250
328
389
337
300
317
384
283
265
271
333
335
303
339
307
308
378
375
339
348
351
354
312
339
345
347
347
235
206
324
315
423
330
321
305
268
290
299
325
476
279
307
307
389
273
303
423
279
295
377
347
271
231
325
243
163
398
316
293
238
233
296
219
65
319
310
361
211
377
329
367
327
232
363
237
370
116
195
171
312
348
165
337
327
324
270
301
321
303
282
311
157
414
299
269
252
438
263
259
321
329
280
334
250
350
244
341
383
358
259
217
221
421
258
356
188
314
192
441
197
313
355
319
297
316
425
339
303
292
311
232
346
394
383
312
402
323
378
347
292
269
448
399
272
418
382
276
394
331
347
312
293
269
251
320
175
201
358
356
356
331
348
310
390
357
339
330
253
294
284
252
300
250
381
337
279
292
350
258
326
290
314
274
296
392
395
241
424
425
369
304
308
448
319
284
305
279
283
400
308
369
389
466
319
313
292
262
278
350
311
150
281
247
329
257
383
273
285
304
248
225
224
317
310
244
279
387
441
308
339
235
192
316
279
257
132
341
261
330
428
288
452
337
395
317
161
344
240
244
174
253
282
298
311
349
444
313
290
364
302
389
302
280
371
225
253
210
340
204
243
274
388
189
389
374
284
322
307
366
267
508
359
267
354
358
281
358
319
239
211
302
388
456
285
211
282
362
266
394
303
289
327
342
356
294
385
306
333
280
288
450
328
291
342
389
299
297
367
326
375
360
365
374
291
212
340
296
343
397
315
283
136
344
339
264
389
444
320
177
362
187
225
323
288
338
414
293
271
287
381
270
311
298
203
314
380
288
349
384
308
337
299
272
197
276
338
141
247
187
353
448
274
218
280
339
341
317
364
316
316
326
371
369
424
448
42
318
368
398
290
327
273
324
319
288
340
358
371
151
200
350
240
266
367
205
330
323
250
231
227
304
365
300
204
301
304
253
336
364
292
309
310
179
397
187
336
253
356
210
328
341
330
369
362
263
263
258
330
336
270
384
317
235
333
197
380
292
152
310
283
308
527
360
320
287
348
371
421
238
307
212
237
327
266
202
286
416
281
371
259
269
246
374
343
290
337
331
302
308
325
285
285
328
307
511
222
385
259
316
340
330
250
343
343
371
400
393
238
436
426
224
309
329
332
340
448
298
356
413
220
238
332
384
199
290
442
252
269
365
347
278
359
413
418
398
284
368
246
299
161
371
355
250
345
346
244
315
223
412
278
349
392
291
266
358
482
508
208
267
448
432
286
373
193
403
360
315
443
279
275
157
288
357
276
389
395
458
291
328
334
480
306
229
274
294
304
446
326
305
394
371
337
383
345
275
94
399
398
368
267
284
339
360
327
288
125
182
97
266
300
236
230
306
289
295
198
385
259
279
223
304
265
175
263
462
408
234
346
379
210
306
230
275
195
370
189
352
237
277
263
284
348
263
295
306
421
362
127
338
255
197
399
384
298
278
339
366
241
442
340
261
266
246
311
286
265
327
337
279
186
297
152
348
293
302
191
346
306
419
240
437
351
393
327
196
293
394
338
411
328
212
331
370
385
304
282
261
393
313
233
348
365
280
391
549
205
297
365
320
332
309
244
339
274
217
513
398
289
273
323
309
405
280
129
412
498
387
323
309
320
160
444
215
454
324
285
297
343
320
337
282
297
126
435
373
178
319
282
424
307
394
244
272
311
449
378
234
253
253
389
338
332
405
383
427
372
296
117
363
434
312
301
175
279
363
313
247
315
256
298
207
376
402
353
277
354
205
194
368
334
150
284
368
306
431
269
360
469
159
319
277
300
325
321
269
322
294
269
165
184
314
323
220
272
366
361
306
164
275
334
305
331
511
308
335
327
295
443
292
325
333
337
321
327
329
270
281
269
371
290
301
252
229
262
364
378
196
211
288
423
432
320
249
284
409
349
237
284
280
199
271
295
357
416
204
264
451
321
326
289
375
310
383
319
471
308
319
328
355
304
466
341
244
137
193
274
263
290
222
319
276
405
436
240
383
343
391
291
338
371
350
357
361
357
314
352
420
110
368
374
318
274
337
323
316
316
274
592
315
305
450
332
288
237
255
167
290
386
421
281
186
334
261
282
238
411
390
350
370
316
293
368
305
344
335
427
317
347
136
313
350
397
359
400
307
325
251
396
313
346
342
309
357
367
246
394
355
373
328
364
251
159
357
347
362
436
335
351
272
367
329
372
423
323
370
235
341
310
312
365
399
108
257
282
283
353
327
402
469
433
331
403
357
332
253
216
286
272
247
384
333
321
262
281
339
351
362
229
170
288
368
371
389
358
334
344
394
311
379
225
256
383
489
463
312
314
316
342
259
316
343
297
465
460
216
289
440
311
295
267
274
372
352
377
259
316
353
339
278
154
253
308
403
217
311
347
269
347
355
353
355
232
349
224
284
346
410
420
194
283
395
397
285
284
294
290
299
298
276
383
307
301
364
270
309
365
201
319
311
311
292
290
317
461
266
295
164
336
451
339
173
305
267
273
403
303
266
319
220
239
323
324
383
398
395
343
409
322
275
428
341
305
331
397
221
340
285
355
277
454
274
286
326
316
290
324
377
372
320
244
266
348
224
390
305
430
311
329
347
406
383
378
449
282
285
360
382
261
281
251
326
266
256
409
362
377
342
363
330
299
329
287
251
417
238
304
267
259
284
240
331
236
274
374
305
374
277
276
235
302
296
238
231
301
341
282
363
345
314
347
278
247
299
277
440
316
291
242
168
312
376
268
412
267
279
335
344
280
357
313
349
399
268
207
358
267
334
295
352
243
364
288
355
198
262
316
329
382
393
305
322
292
373
377
301
249
272
289
107
308
449
401
235
369
422
188
373
450
344
144
305
386
234
322
311
257
326
516
364
428
472
334
285
310
353
328
340
289
396
351
330
326
436
353
351
309
353
286
223
348
323
297
305
375
291
282
311
325
198
375
394
363
242
191
319
340
232
231
322
260
120
257
330
151
364
394
317
380
397
235
259
342
199
287
400
416
326
338
408
272
367
311
341
380
386
429
357
212
352
126
241
339
312
297
338
296
294
230
316
282
145
316
335
396
482
27
405
326
284
477
337
420
316
339
319
284
261
355
305
346
267
327
357
346
279
335
250
344
239
296
236
317
230
338
316
377
266
348
298
333
254
293
242
282
453
263
257
267
138
476
418
283
348
280
322
415
320
366
301
314
386
289
311
332
403
285
302
353
337
227
343
402
283
303
388
171
234
371
224
284
417
348
441
263
319
231
258
286
224
260
319
281
289
519
276
289
399
316
408
301
325
400
211
145
290
304
232
337
184
589
314
159
371
261
297
316
357
240
267
440
371
266
306
219
284
366
417
277
309
256
397
362
308
371
216
303
372
290
316
374
280
412
459
460
334
342
355
137
280
379
350
382
428
337
321
279
389
312
420
178
298
291
279
149
298
301
378
329
388
241
185
218
257
340
315
317
299
288
263
384
224
387
172
387
176
309
331
254
458
370
317
362
331
255
462
227
323
340
253
280
219
302
375
383
344
346
318
296
306
243
428
342
379
227
324
424
429
371
268
317
328
396
438
335
265
343
321
352
334
264
279
273
284
293
299
347
389
346
370
126
279
261
346
337
374
407
226
272
292
345
180
155
295
225
426
345
348
265
236
299
333
155
308
328
312
339
251
449
227
148
438
234
348
493
249
229
256
272
210
287
250
294
316
357
281
508
354
207
313
218
324
313
344
392
215
312
249
293
331
430
287
249
246
315
328
378
387
288
220
282
337
394
397
312
330
370
362
385
310
344
337
267
360
332
366
256
314
433
209
272
352
379
274
334
304
396
374
404
319
364
323
166
436
358
327
274
303
382
405
142
344
406
396
208
328
372
242
254
323
334
304
389
322
397
249
142
336
377
361
307
316
444
434
338
305
489
248
341
399
377
384
328
182
367
361
454
236
320
274
320
311
537
436
298
337
299
393
384
298
378
313
359
326
188
435
225
359
371
428
267
505
344
305
288
384
304
327
457
266
319
568
303
280
345
398
282
292
331
173
413
391
318
352
287
399
289
279
304
514
448
307
289
300
356
314
341
214
303
303
341
188
379
293
249
300
307
454
398
284
292
498
328
290
283
306
264
340
221
403
337
419
316
362
412
294
412
230
316
308
117
237
354
314
302
556
389
244
305
482
305
366
306
345
175
294
259
336
339
278
115
292
263
312
303
343
201
131
302
410
410
238
354
482
394
339
303
319
414
358
364
353
149
295
370
282
351
262
293
268
307
255
374
435
400
268
342
297
281
328
246
356
408
256
357
272
338
374
435
304
357
236
385
296
213
477
282
295
293
252
395
437
378
390
460
376
339
329
256
273
340
381
219
304
323
269
341
197
320
305
327
262
303
296
303
342
144
364
330
395
236
474
290
279
201
371
282
239
320
315
350
362
352
384
310
355
46
391
421
372
279
246
308
247
285
300
328
395
385
327
379
249
296
331
350
316
253
274
355
248
321
342
309
366
225
404
456
324
447
419
324
267
403
369
453
313
388
177
388
319
347
316
271
285
343
376
291
326
217
157
363
345
371
366
322
410
365
315
403
272
291
321
403
277
361
349
323
319
459
294
352
423
361
360
347
438
310
434
292
419
177
346
474
338
309
461
302
302
307
320
345
360
387
285
214
343
335
146
353
335
420
168
297
385
223
287
210
398
290
330
159
277
304
241
381
265
353
190
265
422
342
307
290
297
334
242
292
310
329
214
275
288
252
224
361
429
301
345
117
406
372
339
371
480
245
323
328
288
261
272
317
243
424
330
214
389
373
276
351
355
432
366
466
429
267
252
403
379
268
286
359
359
407
238
250
378
317
256
306
178
451
433
248
415
337
437
271
204
278
335
353
320
386
215
264
295
413
269
391
116
400
540
323
330
312
268
347
164
359
360
353
335
342
439
297
376
325
320
318
287
162
458
336
385
427
279
325
331
266
285
394
299
356
402
340
286
270
404
389
431
466
224
290
405
453
182
326
284
262
309
388
314
328
267
244
241
330
357
399
361
411
360
247
434
321
313
349
344
394
343
293
338
358
279
269
327
334
464
339
206
358
323
315
298
282
340
232
263
285
149
294
294
367
349
314
376
327
297
323
245
376
199
315
435
353
453
342
372
341
406
360
318
197
402
317
319
450
295
172
329
339
187
297
327
267
320
365
335
298
424
261
243
372
473
336
317
296
339
299
332
265
321
326
321
312
298
312
267
200
444
210
251
359
325
416
336
353
177
363
384
351
344
125
330
286
224
355
323
312
393
319
365
348
309
355
366
345
368
325
418
310
258
317
309
381
445
369
463
327
294
292
313
246
283
260
279
290
366
242
378
461
117
458
308
363
286
249
352
474
293
317
314
381
268
296
386
233
416
285
391
281
435
274
367
320
392
308
229
364
335
337
238
198
305
330
210
413
351
314
355
243
272
334
294
281
206
384
434
340
230
286
270
300
265
337
246
337
233
200
351
344
349
212
382
309
287
341
242
382
308
270
401
318
361
366
150
372
366
249
336
436
346
295
270
307
405
185
302
117
345
271
349
320
381
267
421
367
358
390
323
355
349
274
329
372
297
321
209
374
317
418
447
363
190
317
282
250
280
364
372
366
313
217
235
368
112
367
426
385
133
227
212
306
291
255
354
385
336
292
347
264
311
222
311
224
424
233
337
239
329
351
368
417
290
290
296
320
302
328
275
326
327
358
389
537
336
297
343
419
337
570
350
155
251
354
291
418
325
291
449
368
349
298
210
302
396
179
336
375
284
343
358
179
401
251
364
245
315
319
403
241
355
354
415
312
344
459
349
372
300
378
206
284
392
435
332
125
392
334
310
287
211
311
356
406
226
212
405
269
109
236
318
270
329
357
335
435
232
341
316
367
276
284
359
327
299
312
368
298
355
330
198
360
120
295
278
291
202
230
316
315
369
400
308
335
236
340
365
205
316
312
373
420
388
376
289
270
329
244
340
320
280
327
321
387
353
331
281
381
342
397
268
286
299
282
354
134
115
412
421
217
262
350
304
240
379
301
372
384
254
163
382
269
314
233
339
348
326
319
312
341
292
349
325
477
331
421
287
282
456
298
367
346
308
365
336
363
129
316
354
264
388
332
376
365
339
359
363
394
345
371
389
325
163
242
341
343
372
336
328
399
251
439
319
311
352
360
305
329
293
326
341
433
294
315
327
284
287
323
322
271
270
445
457
378
410
327
292
263
504
239
281
474
373
309
323
431
225
271
415
110
442
312
407
293
388
312
225
381
197
288
294
610
412
247
356
125
338
399
301
368
302
351
290
337
371
314
322
318
248
326
285
266
313
335
310
312
224
277
281
284
286
286
369
269
284
275
405
397
251
327
267
397
231
333
391
147
338
357
270
339
416
589
264
316
272
291
243
271
186
315
176
224
249
263
288
292
252
256
219
228
345
304
347
288
137
171
334
351
216
327
394
353
344
209
302
189
427
411
332
342
261
319
369
410
432
351
111
314
399
355
131
298
339
319
293
320
352
291
350
207
271
333
211
264
207
359
316
287
307
395
318
206
320
252
228
279
329
337
278
449
351
260
355
283
322
346
191
236
333
313
408
323
269
412
341
218
243
263
377
268
272
358
370
335
198
370
381
341
385
397
388
341
352
327
402
377
280
360
335
250
275
293
225
364
304
276
339
311
122
466
335
290
325
367
501
252
239
415
246
299
331
353
318
310
251
515
267
184
366
245
275
386
347
288
312
390
111
300
204
421
339
68
159
244
410
330
348
451
181
324
300
343
384
151
340
334
368
331
256
326
120
339
362
403
244
295
389
379
201
289
386
397
422
329
342
226
276
344
304
264
247
358
290
310
170
272
336
322
448
290
338
319
279
414
235
347
305
379
494
268
315
331
323
265
254
301
402
270
378
380
216
423
409
285
400
349
303
306
315
311
277
329
356
329
286
396
276
179
371
372
304
249
430
347
380
299
283
314
295
357
371
598
424
396
285
284
303
376
279
424
275
344
308
315
259
177
311
245
313
366
247
318
361
238
236
275
345
179
347
316
159
203
130
218
251
439
261
231
380
337
282
231
174
264
438
344
378
422
261
323
358
341
315
342
230
325
268
460
298
287
381
395
391
331
330
343
364
371
254
439
154
267
344
394
341
376
281
186
315
241
291
315
150
248
329
329
320
273
99
376
317
357
319
382
270
334
368
268
336
347
360
326
475
432
251
282
316
151
337
285
319
328
173
192
240
284
315
319
285
382
221
175
401
308
391
283
401
216
431
297
403
298
253
262
366
252
367
218
342
382
220
319
363
225
106
254
386
235
86
284
344
297
222
217
374
134
310
325
420
284
470
383
322
184
269
374
371
377
396
310
395
253
348
391
262
308
264
439
450
362
411
321
332
471
287
228
369
103
300
430
360
239
367
95
91
311
96
311
310
364
78
322
295
388
324
347
144
379
307
370
466
324
298
303
376
379
370
350
360
265
290
324
332
349
376
348
366
250
240
171
303
263
334
374
160
344
325
402
287
427
309
316
317
355
276
414
233
436
327
208
460
316
344
326
413
343
377
339
286
288
300
408
429
401
383
320
412
318
459
273
257
297
299
405
314
369
362
239
288
266
385
300
337
290
342
264
383
364
406
371
352
377
342
410
344
357
370
307
391
395
430
315
241
374
373
298
296
337
198
387
291
334
312
162
272
244
324
346
303
346
420
299
270
299
297
343
377
287
512
275
310
77
395
271
243
329
293
359
382
476
237
289
332
367
310
212
221
389
344
371
438
324
376
339
284
419
399
434
173
264
292
380
293
255
387
214
353
294
286
301
360
346
275
291
269
364
228
271
383
385
373
194
466
325
290
413
163
408
198
338
333
294
265
273
347
300
310
312
351
308
407
470
393
256
271
287
300
326
277
378
432
290
463
346
241
347
364
327
169
305
280
246
310
350
301
224
299
220
273
278
135
333
241
354
410
315
241
280
333
293
285
287
331
353
190
240
293
138
339
386
433
375
362
360
358
365
220
417
289
268
238
291
300
354
291
283
347
415
299
123
448
335
265
386
273
272
259
413
330
438
206
376
371
337
404
343
387
315
302
195
330
207
245
305
338
258
323
344
347
392
379
272
173
181
347
276
243
570
350
189
406
254
374
308
357
284
336
356
248
214
221
386
