1.93281963918743	2.9052389416238
1.39838440438662	1.56177217348235
0.294134487263995	-0.908459966923734
-2.92163927459428	-8.88355742377401
0.970660006892999	-0.809268743213213
0.937797085800575	1.96773682332561
-4.62477469360282	-1.07298224074166
2.13750102653779	2.59001824965311
0.666467720871056	3.39509211907194
-0.797316088145782	3.50733989031256
-0.219480727187571	-0.00474532407630096
-0.286923179717293	3.8382135047439
-0.448450998462437	0.0208588030449831
-1.55148781080843	-4.0525940449909
3.47783929096987	1.88994766511776
-0.532718803962566	0.418531945948205
0.985083284460418	-1.17717755276345
-1.28177905454263	-1.27029027126347
-2.4731166085191	1.15572959761709
1.10491382130122	0.0519868727451431
-1.41585437225912	-4.0611993603124
-1.38942484974274	-3.46404508864138
0.790085536783575	3.2915214148173
1.03093460936436	5.24709596395216
-2.76584535948845	-6.78487409026106
-2.07973829561769	-2.08360443483225
1.77218372471872	0.165432742595006
-2.65916323729604	-4.69905672479612
-1.54478315180213	-1.02473833436199
0.484906464605897	-0.109278031672401
0.135839317218931	0.0826881585635093
-4.54735653891214	-5.8053741437345
-2.60316621959591	-3.18837245991198
1.82616936232596	2.33355465731266
-0.865005284911051	1.01793179229003
0.355656794108498	1.67524886636472
-3.00617863194977	-2.60558106445544
1.94406755470179	4.05957694538011
-0.0646418757093953	1.69813045064602
1.87962444451867	2.3349754397725
-2.66715687334987	-0.830986769620947
-0.15535089673172	-1.11051588670146
-3.01934652808431	-4.0144753579723
4.90988321635506	5.30374319001153
-1.53090731870981	-3.53509592459246
-0.754534865336331	0.0895258479158291
-2.09082620920961	-3.06721480465551
2.21911476613497	0.748703046709433
0.11158558897111	-1.41439471788736
-1.62439774688563	-3.02095367355613
2.48451425197686	2.37555052127741
0.851163902662547	-1.34798790051065
2.11742173064807	4.20468078700753
1.0084715016066	1.88584999708721
-3.37311161098542	-6.62915637392576
2.3964044023099	3.7838868508915
-3.82180242619715	-5.20067779628532
-1.12199504266984	-2.85667982244918
1.45555989682693	0.0697087776697032
1.547690456015	1.00294296941021
1.13239356434877	1.21961231688777
0.540771305330068	1.33437562910738
0.522691775397841	-0.734795729150186
1.13807779035396	3.19057122717552
-1.62827736673692	-1.93225495843461
-2.58280471657858	-5.86748761170347
3.9480902281156	5.48920878066856
-1.99957479872593	-1.39175745954456
1.72243596120218	2.53616571664857
-0.419996381122014	-3.87047403425321
-0.173443185866596	-1.81756970230561
0.767014826857357	-0.529089586052736
-1.1400525757031	-2.98899602452543
-0.832819509735724	-5.74352855206131
-2.71471780909057	-4.85773402953256
0.545698815060926	0.398641392048793
-0.264459594063824	-1.24107867925182
0.848047172174232	1.48178089546423
3.62493703869082	6.24613260186003
0.148986057256286	-2.69865502482052
1.88295829960261	3.20941154773829
-2.36469255282369	1.03898262428611
0.228011633545112	3.12109758962922
-2.83807635965826	-3.99096260914577
-2.98140936118579	-5.30593874427403
-2.99748932148963	-4.17955138581882
0.600543837124923	-1.79915213513481
4.12961177024242	4.05679824859231
-2.51983221311203	-5.17127055382565
3.34809211633227	4.01094406765042
-2.78568419247274	-6.16527639324123
-2.01444277460642	-2.89497126242855
1.33847994183432	3.66799559702366
1.91567778922457	1.47832617042721
3.7803457635409	1.77666754945145
-0.175613702762324	-0.967229314018608
0.880161965349823	-4.6634209532415
-2.62649667558957	0.223762772343812
1.35123583435527	2.62892313338164
-0.48075952215267	2.57786482675022
5.09902538962958	4.49310455056193
2.05242104912444	0.941867145386151
-2.97593408563697	-1.3694103852878
0.00641156768934268	-1.22131999141539
-0.431146849629281	-0.709470752064438
-1.59998132673702	-2.00121970225868
3.98882320605901	3.52680403905345
-1.38234116760468	-3.30503603079619
-3.0359752505509	0.086796469543641
0.0512286990407784	-0.638830534406135
-1.89230691834998	0.215215560480171
0.0510334052246036	0.011432460244392
-0.670837963049596	-5.84242219675216
-0.181258883496658	0.840019393790348
-1.4523416180057	-0.00259635724555607
-2.19431792852022	-2.45947821749443
-0.881480830547869	-1.61049987945405
-0.91131492149434	-2.4494240665185
1.79404079118817	-1.97275093702713
1.15264635649416	1.84223492032302
1.18924786607746	-1.55479535240924
0.328214120268751	-0.042133355632148
-0.391767697041592	-1.09072890503719
-2.71021751665101	-5.87440737869966
1.26094783832786	0.944705806551216
0.887490387101488	3.8423768695699
-2.32048871899943	-1.65898259847811
3.88926491328449	2.31807986334955
1.82427814397602	0.671751735143526
2.14356901646606	-0.481350879870629
-0.627652149190443	-1.34979475279922
0.733222394687188	3.05618795901078
-0.48013092674283	-1.47283410880769
-2.8817003478821	-4.10910366900559
-0.575672317827646	-2.22142806737112
0.0250469314822908	-0.529991796966524
-1.93655202160322	2.80247402802483
1.28274859524044	0.044905821376565
0.426490322700127	-1.00323144989948
-1.2452800676316	0.0406276838851787
1.60435545601573	3.64581918736051
-2.10866996725415	-1.35857550081069
-0.375898618444444	-1.15463492022628
1.19043850207461	2.82483944704028
0.383840501466651	0.531826783536615
-0.82972393541751	0.326654531331707
-1.30395142186783	-1.67704885377804
4.06345862020274	5.31757400212359
0.649896851550482	1.28181330775962
0.442122177117316	-1.70250481751095
-3.95743583984118	-5.72298696819122
-1.53109590416961	-2.53924164294564
0.108882611086258	-0.553797764514917
-1.27520423087718	0.674181401755258
-1.80842764163661	0.912921622174365
2.20275931588769	-0.845274639681821
0.865456442043782	2.85205131443584
-0.315173754264076	-1.93980095603778
2.08340295622609	3.98435901905726
0.899090846081903	2.91379383130084
1.79488184560577	1.43443918713673
-4.02539173592514	-5.47460715554384
-0.313326868686193	3.70099053024607
2.64381935200673	2.74101326581552
2.74207492927023	3.69050573043495
0.549396416418928	-1.48497294821092
-0.590685256887482	0.846379582846216
0.385196291890938	2.27753893629858
-1.17411467912167	-0.678871293059391
-0.265483545021841	-0.295502921878452
0.214649872458533	0.320537033512892
0.534924373314415	3.43869628794818
0.48685465562537	3.92309299518683
0.846713983990108	0.435073050024052
2.90801532337469	0.811458617052041
-1.78945073139085	-2.06736214965794
0.630041399992839	1.43675806543371
1.11031768854453	3.01588013412067
-1.08326835844869	0.0159796854581093
-0.194176528707405	1.05784883767309
0.189450133320374	1.44860553746652
0.0624797058883958	-0.65096165995058
-0.625254270253871	0.307511853310114
0.834922049716111	-1.51148551786618
1.89906372140312	3.02408937589113
-0.46132704181085	-2.40979849194889
2.72393592145027	4.39988515582371
-1.31037359277262	-5.71748208748922
2.36392466751044	5.08379360151999
-0.941181544965929	-0.407040964917654
3.71644446884658	5.07571163623641
0.214282997953696	-5.79444060721662
1.11884982554098	0.442156799739852
-1.60094848524778	-1.28003667756891
-4.00669930470398	-8.88116601008161
0.370221865626908	1.93886981406887
-1.40622883508016	-1.94913427612118
-0.995207855279162	-0.24054936092548
-2.41191973325643	1.08189320838041
0.548175397537228	0.570854702994672
4.24392900774218	5.21788085306413
0.792284863775216	0.303666228665688
1.32506534234503	2.80292796141124
0.611031045915559	4.98557193726714
-0.306768325819228	-0.878579855409316
-1.37025017702311	-6.36084362875969
0.761192309790519	-2.0456432386668
0.179822440642825	0.787872641723482
0.844723197637005	1.5092966493716
1.946160741512	-3.87094709608427
0.735300882677354	0.926323253449982
0.124167129221442	-2.03563379954134
-0.833835897905243	-1.22015590788068
1.05056015918975	-0.158310976576274
0.739536052934246	-1.50404740110417
-1.84006549188467	-3.47189452842016
-0.916070522955469	-2.49849546000436
0.349139787676399	-1.15708148939051
2.2027207668382	0.720224985601098
2.51255194481489	4.42974976601551
-1.14443253294019	-2.74088309399624
1.90015406268563	0.250225513533787
-2.97523659679741	-2.60783885237346
-1.79545419903873	-1.72019454633082
0.0948465073949346	0.22054945619306
-2.14292281492836	-4.96249969371
-1.92009585353158	-4.49728300821083
-2.04291673746867	-3.95486070365102
1.17489378056131	-0.0434566664375446
1.95725147599768	-0.072874891209914
-2.67915121919002	-0.201955297930784
-0.0848321397245687	1.47340200393028
-1.04511870221224	1.12712581736585
-1.90487255957299	-5.42560308703675
-0.413095684561744	-2.87386358216531
-0.425042875097142	-2.30200828019867
-3.08852255576985	-4.70433007321065
1.28042695977573	0.449656580655569
-1.08189158379595	-1.26254776706059
-1.95226330795916	-2.21123903088841
1.92242119541064	-1.3909376076977
-2.42300067568468	-6.71664583915605
-1.95010451604516	-3.42029060691076
2.51777934768877	5.3627181999714
0.245067641600441	-0.151642866072001
1.14876250319616	2.94150681357261
0.62859422177282	-0.942030478802103
-1.77667713306124	-2.58294168803007
-0.292527793880742	-0.112795805677466
1.03528725237017	-1.13778816256975
0.156467064941104	-0.267197724823768
5.09146921218178	7.93167861714961
3.65521362551172	1.74894192429632
1.73340933279446	0.297449278093068
-1.25380606638001	1.92994503770605
0.181979540272004	-1.20535201059591
1.4524465079695	1.26136475457725
0.124844101402483	3.48275995892295
-0.273256712080314	-1.39614683615964
2.54918752556446	5.68146219968091
-1.43062736336162	-3.29851105585269
-1.04518906897223	0.645916949292064
1.41368949325948	2.21426813210993
1.29071197345539	-0.0866756863285272
2.6096975580403	2.58590522411841
0.755466212802218	1.71965174823948
-0.793976880882873	-1.18649205466497
0.34519469854957	3.82784359879029
-0.731658266067063	-3.28076680510239
0.274468318903543	0.458790100571839
0.388044250226326	1.15234941591641
1.68312140609504	-0.653673225706324
-0.875745760639778	-0.871920656400542
-0.409807940533858	1.71895830162118
0.621372884591323	1.40199702646794
-0.431032888033169	-0.970586263418315
-3.37213864844228	-4.26284999509441
-4.57285066285124	-5.24471064038738
-0.327603597393515	-0.204252804328851
1.90753040997315	2.87794181046619
-1.12875265403971	2.24909247238127
-1.82182745043993	-1.20563905405537
1.60525521631669	3.73373886506008
-1.47645836995807	-0.0536651651644904
-0.537979602543273	1.85258119679512
1.38357238942702	-0.820721567449442
-2.92807859120927	-3.12036788972365
-0.228982771433724	4.43371277239046
1.20218193969263	2.84818625919238
-4.75611749651843	-7.14862607899756
-1.62140507202462	0.979648419850544
0.724548063970131	0.760579248896766
0.608912199765782	3.48826945563896
-4.47231533172323	-4.39467035500581
0.921259284661979	0.980579075994579
-0.270037654007539	2.78177301909227
-2.26706750695359	-1.53798110515456
-2.88628212153783	-4.22128436534708
1.41300124799645	0.120338028869966
0.48197191488787	-1.42826812518996
2.04077245087609	-0.84761055454928
1.90561948711389	-0.916947190168141
1.29278449400479	3.28842141174346
-3.74874806924188	-8.94595976016805
1.03285992626816	-0.0975070817943724
-2.89217793002698	-0.993478816230932
-2.23770816807748	-5.38255531047062
1.36396005902208	3.54339340184745
2.89557111427012	3.87534797124009
1.67561471876585	4.89881301589061
0.586865330447827	-0.850704097210259
-0.217739110921382	-0.276146085941129
-1.10311320883423	-2.38717624839113
2.65871414015889	3.36620715388159
1.86430119041761	-1.753915844232
0.513030497182117	-0.894409907590986
4.40608188738496	5.3474176933098
-2.02915043993081	0.475637067418208
3.0946019334166	4.64441078334134
1.34969984389545	4.87703910252495
2.9590183467261	3.32311008850231
-0.849026620248564	-1.63105991394994
-0.105133542887422	3.57824736029777
1.90708990500688	0.695406578773309
-0.905764127903263	-5.0710343406985
2.10684850629646	0.653326198424577
-0.0668829228651674	1.53699866484077
-1.38663486337255	1.50378418259674
3.51736026451401	4.37746580451345
-0.889904917410538	-2.39283749929479
3.6629814738089	3.35748427159411
2.05056494522058	3.24600654455075
0.220628968272959	4.02140031278783
0.65039802469577	-1.17362009502574
0.283495285653461	-3.21486508417775
1.51822779212359	-2.11227260157692
0.86323083797556	3.56550424666615
0.0309259799790783	-2.76082854554924
-0.0971469547643179	-2.66151305723566
-0.862950266346825	-2.56765231726793
-1.58785180812937	-1.50433151473984
1.46482850225034	1.11720255652914
-0.352188372506757	1.36329550572983
-2.6680475763747	-3.43205571663582
3.40668259905981	5.01077395491357
1.68602450250543	-2.96341014764798
-0.578102244115589	-2.53573459102233
1.59169321662169	-0.0819075798837801
-0.207148757287857	-2.11935354601338
-0.76198481315488	-4.27752297562669
1.95443214905486	1.59413254200143
-0.0558517267765189	1.4418002399286
2.77659480462342	2.55277361158375
-5.65951960315857	-1.42340976965819
4.63760038230126	7.06401073676252
-1.70844669811747	-4.76422275430242
1.25365298676601	1.44296606877771
-0.318976245060816	1.62297856167729
1.39699079767908	1.82810800207915
3.02787379595355	0.935041027854628
-1.60293794837655	-3.92775797213269
-0.397664821200602	-2.34079511884819
-1.50343015675703	-5.14252542959468
0.577595884112673	-1.17997653633898
0.0390734015365307	-0.911926639018386
-0.232733800904001	0.0842251917698402
-4.25823262526353	-2.75996712070119
4.15520544341428	4.8482977148268
2.59087231977702	5.51704366177476
0.357126373064165	0.331373306778894
0.76550870899295	2.14639713534935
2.79421964222237	7.41828687279276
-0.918572043368983	-1.4129231223115
-0.337083279771488	-1.85796484881939
-0.441990280210234	1.01378088779099
-3.76121912885719	-1.15055329704817
-0.794019001457273	1.6029068318909
-0.468822665493208	2.77992650238912
-4.29290947481343	-8.8723520167152
-1.68484090167613	-3.89643879244727
-1.63954978679455	-3.89841905573526
2.80990284365732	2.18714823641589
2.6098924853312	4.36222524456257
-1.12828918652478	-0.570578514421329
0.0287360002902472	0.884971648392305
-1.21003285888164	-1.38566787291407
-2.21205039094423	-4.40926326544916
0.99587881391542	3.47134787573268
-0.0202861554115806	1.041883565455
-0.142118234519431	0.252988044328954
-1.70842341636284	-1.87498144349741
-0.877717983992109	2.84704587174951
-1.82825044736348	-2.52445779233056
1.26455746005876	1.66878315448139
-1.79329799408929	-2.29643442574947
1.90257882546951	-0.403401463313629
0.214152416058976	-0.885020313325527
-3.54265441232795	-0.204715539727697
-2.18229723007218	-1.92770719334515
0.24307928336424	0.431001958842371
-0.840923013797057	-0.160019109830488
0.69035262576643	-0.469171134183603
2.1312056254363	1.12738195350299
0.624859703966893	-0.120290509339435
0.322882449731393	4.42471709281895
0.633640339667396	0.871177474281421
0.206136122070491	2.11767233708345
0.499814401019751	0.958326360998866
-4.55522734276282	-5.97050041474872
2.42841977984128	4.01040895257828
-0.0673267999732903	-2.13744812006161
-0.228830658094417	1.99771992262571
-2.68853763628183	-4.62442839190079
-1.58219131232199	-1.93258826825759
-0.431144262754293	1.05368036984942
3.75252794476277	6.86083247447976
-0.111358672402867	-2.81094664065237
1.57721498725901	0.729208621273151
-2.19522627858894	0.231569332731272
-0.396092922978868	3.10268619367094
-0.0338497319587379	-4.08499757029556
1.28219893256134	5.51522895303267
0.153087902576053	-0.438070400297089
0.405871345396185	1.39802374308164
1.23220586107794	0.921378441460174
-0.169217006346809	0.0435130987093809
0.201412751329991	-2.39845846656844
3.35667228156097	4.3520729297459
-1.05855908967986	-2.51749014075929
1.0408114023958	2.39306802189216
0.933347348545103	4.11101805163854
2.59423095708208	0.886035620164457
1.71598956230793	4.03690005512818
-1.17789306927997	-2.80795537673725
-2.6886168793812	-4.37503916185636
0.291237002394837	-1.62083295841644
-2.7721068810585	-1.60226106507793
-1.94125615809656	-4.51254185032482
-0.469260735883548	1.20186054400077
4.10661866929755	4.3328037328378
-1.71980610450433	-3.90849182520134
-0.455359253310203	-0.397151501038388
2.24358136014645	0.297234457846276
-1.99277082756313	-2.63426032507537
-3.51168371091368	-4.28631008428737
-0.661585395610657	-0.821742440798773
-3.36479871127823	-0.38689648983811
-0.809956541510804	1.51960083303545
0.269833095916435	-0.808078322905094
-0.00674801504041419	-5.1801651809734
-2.37853733694818	-3.90498827831141
1.25436416279378	0.0812056758328792
-2.50309092762658	-3.01272710528235
-3.18259786992584	-4.84515758572195
-1.79605749608584	-2.93269655585467
2.42746750612698	4.01830377258044
-0.669000167972915	2.22839954581515
2.70158928926134	5.0121432182613
4.38551414359536	7.00095677573358
-3.83662661225237	-4.3816161750996
-0.104516356723373	1.77994041056406
-1.41401523276746	0.494171166342013
0.573963340385174	1.45322334197944
-2.93146118283835	-3.78861949076311
-3.63015459386886	-3.58868551488949
2.55604317815289	1.37579233609116
2.91319986755054	5.09542551093156
-0.472249110304713	1.83698642200078
-2.36991043828618	-2.19820664855556
1.90895865787268	3.77889082340596
0.778049765881183	-1.57593737160509
-0.0262056008841038	0.840384210608015
2.3723363805765	4.36000881843762
-0.457326094993367	-1.59528000831282
0.345570317366208	0.375555571763707
2.00510591902483	2.35138294711979
0.0358905411279208	2.41603427012366
1.44238694501765	4.56136617150311
-2.69164916484604	-5.07190171155718
1.0662553879237	1.98418516174452
-0.258302990567277	2.99167896146357
-2.30559951899226	-0.271007402253401
2.2428947210258	1.35987531226701
0.882622557597875	0.331452930855566
1.09423672527783	-1.06048373330561
1.46578475694076	2.38143875877735
-0.507384013321357	0.128220644863258
0.839377042197842	2.95953447725015
2.0444712186014	0.0280992714137187
1.30432016029332	2.08745522955823
-1.12666160063285	-0.938188250143833
-1.48140747177323	-0.789054399283647
0.263136389886368	1.10977927387109
-0.859098696182011	-1.18477569670629
2.81613725067203	3.0021976066787
4.21212642376994	2.13170030202348
-3.13014231310843	-6.99766459561449
1.31363688348919	0.217778831879151
-0.687068348061017	-1.91670030164711
-0.646790482775471	-0.641915840835279
-0.0532015815374906	1.25117572692306
2.47366608359522	2.03345419402449
3.76016440213605	5.14367000734188
-3.39511526531956	-1.52030886416757
-2.01723403602526	-3.93622929318286
1.19415055806956	0.483097642806405
-0.10027123517348	3.74816459941919
-1.66749991823967	-3.05918212776912
0.97724817081801	0.572119675439544
-3.15743520461019	-5.97466189906229
-0.586370338266665	1.90378461276645
1.89216621324348	1.50589645045846
-1.43780812596615	1.88917809579407
1.87296370691603	-1.02156404325669
-5.06427441297295	-6.52425669783909
-1.9210634922424	-3.34465620588046
-2.1689848490395	-4.14850711780175
-0.322865838203024	-0.970585328737701
2.64308450163202	5.11768892354258
1.94105717290105	2.00692861781287
-2.81122247669844	-3.98043958128117
-3.49105419460648	-1.17785873193129
-1.96610110524829	-2.86840480848832
0.268942902369495	1.37960435343298
1.25474082216971	5.81348069830712
2.58285979542698	2.6524609324321
2.32500660075786	-2.3108928215638
-3.14100271643048	-1.66402244954577
2.79339185669798	5.82573890800417
1.63295145821521	1.85417648644298
0.679517600550045	-1.00627273095495
1.15593376790664	2.16501534931073
-0.773281063604894	-1.74538966444887
0.52621517526698	3.44058168444779
0.808303466734682	-1.19957828480126
-3.48653786925371	-6.05689686087618
2.50265533850883	0.381498729329641
2.22638681335179	3.1276628254946
-1.69480771675451	-3.8011832135191
1.59714106427276	4.43423855282415
1.48769958011156	-3.4874253734536
1.85723717862537	1.40481790872808
-0.501178145907539	-4.64140232458524
1.85635974102526	1.62407602703068
0.0110718062611592	1.67463736756102
-1.11960212419888	-0.12906554363375
0.800996657907736	2.80320249579752
-1.61126307794881	-7.82659100875562
0.616046683757047	2.91913339955561
1.22648705484681	2.42751957541578
3.4317011553727	2.48156136821421
-2.66447497920779	-3.16690468302811
0.600780843551638	2.52958333723073
-1.91601747257223	-1.55653674645874
0.500044840096796	0.495537336269364
-2.25732995990982	-3.93470933739541
-3.12528823640183	-1.41912646006447
-3.14821492359002	-7.21621348462841
-3.03905071198093	-4.5409172556062
-0.0602206393860665	-0.856408267587903
1.0148548099279	1.26219216926553
0.509041708535526	-0.116087344134265
-1.33022715887416	-2.53457853930308
-0.178031726078402	-0.91764971202313
-4.00587268032923	-3.11533257391628
3.94953882634419	4.71026068554944
2.46392034955883	1.98070419382489
3.5700747213795	2.71038291987621
-1.54489513608831	-1.26492129224477
0.875009864677061	0.016164367813017
1.9595611844012	4.07947801429068
3.48879107347282	8.83828537074304
0.75561484962731	2.52264827813298
-2.3829932548138	-4.3255065939716
2.30863958289416	2.60870027012716
-2.58126649184802	-1.83155903808282
1.06576147561049	-0.00570709787415824
1.91948153994544	3.74544197712341
0.0710241252670709	-0.78458930440364
-3.20437820838619	-3.71475351382113
-0.025884596428392	0.913670133734737
0.812634472709316	1.90372759931424
-5.44028721497207	-5.06245560757891
-2.53204142616996	-2.84083096872182
0.5164844854053	-1.26528627591652
2.57790781222672	2.86777123926165
3.12114518482922	3.08969129134082
-3.65079427954131	-4.64084725665106
-2.32864664561241	-6.13149607735486
2.9086688012821	1.99377218355924
-2.65001249482413	-3.02112948883166
2.13204042284885	3.75042142591572
1.7406852686455	3.31246995332725
-1.66517838763184	2.37941917567552
0.947290098558489	-3.2028769402061
-0.341325352339149	-3.40012387220878
1.24567916814004	0.0394459546901236
-0.453128238979699	-0.329328045733999
-3.00244049052581	-4.16861087284976
0.493740075503338	-0.71104351381945
-1.79772425811395	-2.37684256242672
3.51771006986844	6.96529841995956
1.25495746006025	-0.55592708096378
-0.506572581459233	0.49953071649612
-0.197035822517091	0.165183680275573
-2.7508491824975	-5.32298017675298
0.206217351668764	2.93770658883134
2.23350143791058	1.30292601080014
3.54170121713648	4.24976335007967
2.07402125239841	2.64423372415633
2.1390808928731	1.98254371419328
-1.74228992657193	1.42681059393476
0.0353060731561428	-1.1190704883187
-3.83282321652999	-7.70257795457842
0.670449321168409	3.52905924940641
-0.622009038545026	-3.31881444789003
1.55078888584961	0.3321095869253
1.38921384307441	6.35073609561823
-1.57189934135315	-2.31628439160905
-2.71036677854431	-5.89786946098359
1.80432562472197	3.46732314026991
0.564741199265936	1.3945639060071
2.40006583677306	2.38410715358604
-2.66795208850064	-2.42829022330496
-2.40319717411277	-0.971124153679424
3.39111513598034	4.45010456156405
-0.520573663451921	5.39183657672006
0.441614631522958	5.07836473944236
-3.04133850575983	-2.8810190763345
3.41460735632652	2.92417292647948
2.11719251401751	0.68322230152419
-3.01418320040844	-1.45420265632767
-1.39894929199476	-0.401325356781442
-1.61642779529044	-1.06520187825234
1.34149445598347	0.363610360044052
0.581414054362907	-0.205222729970848
-2.02783920977145	-1.11498461035816
0.594421038454724	1.30805949081282
-0.313475958967108	0.0149131542021846
0.639774540127081	-1.31914410602992
3.26817171577049	-1.63710918898878
2.90638867448519	3.41062392834375
2.42725882365336	1.04235916543566
0.807825556836536	0.684525636112997
1.44648806519389	4.24078765195608
-4.66833291631351	-7.07788833382763
0.465386626659729	1.13308515006403
-3.04679912566666	-4.81617264300496
1.30526541590241	2.03232147426683
-1.46293813215106	-3.9467510268536
2.52329575260834	7.11837743135565
0.0451728600933621	-0.333839731711117
0.524991230236372	2.99306128777473
2.07419617366439	-0.627721954642757
-2.78232094371868	-3.28149285258992
-1.38302585841093	-1.42024780868647
0.683168538335943	-0.918495469100662
-2.74258702099808	-3.68068628199749
0.255933339346038	0.978958004525416
-2.62045263547372	-2.03151022774216
-5.30771532736907	-4.98746725926889
-4.90589167071651	-7.89790806987967
0.0329234980112434	-0.319076722694385
2.92024262643951	3.09439554872299
-0.310171790878231	-2.77500268484812
-0.302636220766366	-0.862414696615492
-1.47116700053006	-2.15628138066247
-0.0259235490348054	1.22183361283333
-2.07687519540842	-2.49236740266449
-1.43864749277334	0.35169898387692
1.59827965430466	1.04902222969273
2.8835277353904	4.06406272236662
2.15528595817676	5.48976523462688
-0.0382683011433598	0.462385978380157
-2.47791315023787	-2.33262860411553
-2.7814128023521	-1.53189002198919
-2.59144004221102	0.759556349558369
1.79689316521522	2.83529440845288
-1.76012354925809	-2.15366602187804
-2.1415318620322	-4.11366291043654
1.48358110288691	1.57574024283782
0.510632769830408	1.88187236492812
3.11629881134766	0.550638754393833
-2.47393421335164	-3.43114865340703
-1.05593543676466	0.915898603863699
0.0420151078741535	0.569107804967328
-1.08928613176718	-3.23576821587592
1.37763455566068	3.85232239835495
1.29505451204262	4.06631953867896
2.66408631468295	1.6895628879709
1.47348966633822	3.67848747173282
2.42234038348985	1.20787714596099
1.41137369614371	-2.6560870747288
-4.14353846521559	-6.5115658401411
-0.482789088962267	-5.52648057622789
2.68856244468122	3.62241968925389
1.33927121025936	2.19954266794683
0.771067344996085	1.07433224145459
1.66454605766835	0.748739802521794
1.0251070882593	1.56420167574374
2.4332235467895	0.537718935447553
0.353876777751232	2.55816348733387
-1.80405253695382	-1.54359977922908
1.56634333618043	-3.0919058089939
0.146516526886911	-0.178961996159566
4.05697961472133	5.09970989310202
4.19675281106395	7.4431332434692
-3.19905023280647	-3.93961695802028
-5.10032413781686	-5.48395231586286
-1.71562095144176	-1.99873221989562
1.02493536267911	-1.33083978324735
1.10249834886518	0.526573321696189
1.09433712674044	3.5658895786429
-5.68176664175476	-6.17005898230885
2.0474902369499	4.6573987374813
1.34018672852233	2.12458990160423
3.18935281799418	4.59021541636092
-0.792723853927085	-1.40740770920173
-1.143721662003	-2.16456869081239
0.105665671779804	-2.72747324168517
-0.816043289703297	1.28797818689873
-2.05031380066163	-5.33082727071541
0.644674322038656	-3.20856211242834
-1.36773825995858	-2.6687665303203
-0.770089692099336	1.29027998389041
0.660695528646284	2.14987368551422
1.97127014779276	0.177534621218855
-4.83217368455721	-7.84829585924792
0.565145482838803	-0.5769514379884
1.06764941005301	-1.50732061138062
3.81484259010968	4.24465204600349
0.713433138885672	-0.732674219078491
3.0640653068813	0.542380250614951
3.1782690980413	2.8126200273879
-0.382836460772792	0.648166112671144
4.0205201089011	4.80632050078665
0.552796088853474	4.50797114469626
-2.92204634788329	0.155000352604444
1.58274094758756	-0.840616169206921
-0.259088053714886	-1.55014215418473
-0.698453868347412	0.785361431291458
-0.520249236891642	-0.0727311615222053
-2.11250118931475	-2.73293329358508
3.67580792183269	1.82826464549065
-1.62902130362487	-1.30493613983305
2.52438094418362	7.17633942420875
0.27449512354188	-0.807063132267059
2.28022347728331	2.1049627305665
1.38188546854136	-1.45751866661532
-2.76611336035325	-3.93444756271493
-2.28870654733945	-0.376004074850256
2.73629491193397	-0.469169904561846
-0.761893459154094	-1.71098510861154
-2.78619280219095	-5.99123166555755
-2.56301130011395	-1.93844911863357
-3.69495170996941	-8.13058328421597
1.59571537878374	5.7378525615305
-1.22373986458503	-4.4876248039607
1.8222712562418	5.67704232961425
-1.50296883552596	-4.3594703903282
-1.52181250071344	2.33844008579304
-0.290947581584898	-4.02512596644591
1.56345212899129	2.11676018177028
-6.10845000549639	-7.53704302054692
-0.615255512518662	0.145217697442571
-2.77711428059673	-1.37009828590305
-1.56546607751698	-0.335830791485763
0.303958733759127	-1.65494830676703
-1.10479667625649	-0.121129059120154
-1.19179952587982	-2.3509708483086
-1.36333692554991	-2.30734748320925
0.692137359133812	3.21683721820423
-1.98163152235842	-3.51157677506214
-3.63166945410055	-8.42292396079055
1.0755904930222	0.76109939720592
-0.746772460926225	-4.18255769817214
-1.13147483044686	-3.96921604209568
-1.78999025283278	-1.23868409609964
0.470469387843036	-3.98713067727482
3.69403906211276	4.02600368736422
-2.02743928930879	-2.34197134901726
1.95382599581854	-1.90025968991544
1.12054628380108	1.61031520698877
-2.1761395089766	-5.33589405528484
1.0519399255982	1.92836567327926
0.306916130205645	3.34868982074516
-1.56215814213361	-3.63241112741543
1.48286056616252	1.80720632604253
-0.232394550403199	-1.20876047783127
4.45357350917812	6.49130573053656
-3.02615714618603	-3.60242365579089
-2.04406628690214	-1.69659569039489
0.745712450931035	1.76130691234447
2.33807006552913	2.97109445542087
0.543368894040469	0.165663518302833
1.66203164568532	1.72523656874333
2.47191483033418	1.80736838464646
-3.6209704722448	-2.43629606681519
1.85192578244071	-0.110194040355334
2.27017689676711	5.74024867973136
-0.859618497583314	2.00169043346566
0.915373298536	2.21858559834029
-0.964686053856153	0.0688235811676039
2.37228688826295	6.84735823975476
-0.492414325636866	-0.320703602827858
-0.890585805319095	-1.32781616281224
1.83946740457811	0.100491493878907
2.04510746177112	0.540018811509784
1.54984005030615	2.93553861338727
0.0980078911111561	-0.231141884093003
-1.85476433530921	-4.34849425104359
-0.40915076292535	-2.91854909264991
1.78800624412443	4.99867166970932
2.2575962160619	0.606156391736892
-2.89691681816406	-2.78628939233122
1.01095497459859	-1.65236562977362
-1.00125959961387	1.67332428770725
1.28857878240744	-0.492514716205265
1.96787480528761	4.59030063801007
0.11429706030291	1.09770811569729
-2.95768739666364	-3.83942323560476
2.59723455788927	2.12199785050336
-0.495430297449589	0.812169943841505
-3.33782527664704	-1.06231195597381
-0.802145442581626	-0.205709166568514
-1.00711479137373	0.410922802542854
0.819781707721348	3.32854377356758
-1.19355154000928	-0.812841141663451
-1.78644282743706	-1.85247923473065
-2.84426446697245	-2.45125903723541
-0.770211350911954	1.53695543887799
0.518776584753619	1.80712117453012
-0.0329184722901817	2.40309702816017
1.93756453369671	4.80515906276807
-2.44043693790359	-5.33649926056785
-1.44773163097026	-1.76824711404615
1.28079642807301	-0.180861981503709
4.1023781833511	5.78353395556973
-2.71840841969383	-1.86321230148601
1.85665853374487	0.865360865104037
-2.13799067209131	-7.51659157410566
-1.01066325937438	1.34861959042341
1.01198451391058	-0.102078300015147
3.0108339775927	4.94300760987918
-1.45968318367737	0.486933590448331
-4.65264973583921	-0.130749217300892
-0.484030895246767	-5.50538488785662
0.150533792520615	1.20086959955718
1.49019990695285	1.75963485374417
0.243707680072846	3.58563569047678
0.572573518141501	0.918204088179281
0.579913825219125	-2.54518555570776
2.71388107348745	3.24709158594219
-2.10936181011175	-2.04940776501502
0.943505541918728	-1.48422725810681
-0.486513207982729	0.561697245507856
2.62297980463214	1.73718020724783
-1.69785663982576	-4.27247543322816
3.90473268685573	4.25516977621631
3.18778801855687	3.69123110720112
-1.97884338114322	-6.46405011076868
-3.8388266540946	-4.81933726124722
0.42514573084748	-2.14698018635142
0.713045357628933	2.98942887075974
-1.24427559575571	-2.47613099978021
0.817890263782597	1.5787047935131
2.36383687920227	2.12395926460684
2.31158112418984	7.12245686181646
0.789900834231692	2.19323244179555
0.993930574624255	-0.256343442386405
-0.927061076520829	-0.498194158139759
0.365580086573296	-0.152517765888685
1.13752273807158	-1.91123577279002
0.949210849836791	0.664106646854599
1.95727898307222	-1.36687675324925
0.545295256788541	1.22607504580502
-3.8383815341091	-3.69787958799195
1.83630551831335	1.46231971295575
0.689460553315547	0.959879202441051
2.5837232904227	2.72529932014321
2.25511243289655	2.71133980512363
-0.35847553801902	3.36604753147869
0.943041485940312	0.135548871333256
0.944046114546181	1.73004747378992
-3.04344259704811	-5.51571803405812
0.194822758446734	-1.10520104088241
-0.874438994495326	0.382381712209721
-0.438632033231258	-0.183803009896475
-0.0574203626821439	-1.20731680506224
-0.562863086336962	0.822149914038762
1.2892818755196	4.28632901437623
-1.30121151519865	3.01887633160968
2.10360721371335	1.74783586317734
0.141569867011868	-0.141874446368381
-2.73949612951108	-2.82612308384437
2.3804122272828	4.46618395800583
1.06970284063619	2.11806148675314
-0.742219782321363	-1.07652004191254
-2.32970270451833	-1.89708884923609
1.29195063435242	1.67239418519947
1.09423397099369	-2.09683080957992
0.648923568775207	-0.160370269149955
-2.93970368250234	-3.13207286872661
-0.323280460687525	3.82612628308071
2.3478896472018	4.61932352622717
-0.341379329458575	-2.15915491879569
0.543469741752238	1.9843301728797
-0.78448070281498	0.1599003913424
0.597059229577611	-0.462078456653843
2.1162885832449	1.23923869658549
-4.00624941533225	-4.35362339194533
-1.64793504533819	-1.96286780035473
1.78337627776022	5.97008676777804
2.69278056055579	4.02162542219996
-2.07077484041743	0.739537823477063
-0.21673566780204	-1.34410636979344
2.01623599996452	1.79211890741991
0.783552614135185	-1.8826937628784
1.07607057260315	-1.36994235871982
-0.349357004458536	-1.57857130905623
2.77389482260199	3.39684956907112
-0.0583601648866865	1.17779386681735
3.83508510094112	3.07147907712525
-0.943426174546827	-0.971341352780238
-4.32684006678062	-4.74566648054818
-2.15359731226584	-2.21206258486358
3.26775785717691	-0.921261288553111
3.41329406343406	5.63080375864617
1.52286711590376	0.674948460754095
0.0775373765069451	1.4079422967055
0.463284181104674	-3.37630747904179
1.07830940798398	2.30274461520334
-0.680825101812535	-0.322427552923088
-2.18696051600716	-2.13805438003526
-2.08568767951863	-3.99907317356737
-1.30509417147286	-4.30224413451124
1.27722896258383	2.38791006525566
-1.36231215191825	1.17473719888139
-0.743508299582333	0.143693621662807
-0.817307314250288	-1.68542046908919
0.910583811479646	5.65997088619764
0.987345178321623	-0.264248663266189
1.85139521241201	1.66249605024658
-3.23012796614569	-4.66698944707922
-0.979291913822821	2.85169296821108
-0.0819048012677993	3.11029281435511
-0.892417744047541	-4.73850860333048
-0.630471931064936	-1.48249030083157
0.473886255514382	-0.141403098318233
1.29651398821819	-0.677255726036413
-2.95646885792261	-5.54106390335478
-0.899977221508097	-0.0223457806510767
-0.938554427927524	-1.49542678517503
-3.36656528504016	-2.22576662546563
0.339814815198219	1.34872250323386
-0.814544548446063	-5.15710059990522
2.2273261598924	1.79562133172002
1.10069559306711	0.571647784342805
-3.25084361970243	-2.64625454492112
-0.600450405898124	-2.02088693438891
1.46847633302965	3.07199763665286
1.26162140165212	4.35351190668224
0.151991447881028	-1.90123341983785
-0.122241121777081	-0.427249794813861
0.379708353675999	2.81597452257393
1.24416633098816	2.3513734317873
0.404476346240496	0.00802696111244983
3.79068432231439	2.85354332443816
1.13749865477338	-2.91508723938305
0.135116702879346	-2.51210026550714
0.105701864897627	2.45226677168873
-0.0880191417079711	-1.85040541314514
-0.19599778384996	-1.18504625662454
1.88671554133686	5.55872382710872
3.30077508723623	2.55922547017039
-0.0124398500255758	0.73641309863864
-4.11501994315687	-4.87180592574369
0.187659374759307	-0.0547777403372216
0.0365456096345841	0.276710805422095
0.900279011851181	1.99012486798742
1.18018184997543	4.17675087137994
-1.80388156693185	-2.77493950094308
-2.8474934804314	-2.84349332837941
-2.2011412127173	-3.16491138636732
-0.613451755305427	-2.8354910388001
-0.341444909115692	0.352755530688556
-2.77909735290119	-1.46617175589145
0.848335461232922	2.87490905948933
-0.508878735720167	0.436902296625951
-1.82105574694059	-5.15399181941466
-3.04807457539378	-3.42791607090326
-2.558883003923	-4.99767170715011
0.20396263141859	-0.536312134902713
1.50238967205265	3.32733934581008
1.73552327396673	1.67270683184121
2.09009433456367	2.34871559187805
0.353500565616213	3.90349558440774
-1.74770245359782	-0.866219669204083
-1.13569843435614	-1.38034080504717
-1.06543551739727	-1.78684712019729
